24.838230848312378
25.198875665664673
25.47032117843628
25.677932500839233
25.89096188545227
26.18840479850769
26.438255786895752
26.661637783050537
26.90323042869568
27.120925426483154
27.33925151824951
27.553579568862915
27.76948857307434
28.027574062347412
28.24937629699707
28.503633737564087
28.7119562625885
28.93630814552307
29.169050455093384
29.395718336105347
29.645800590515137
30.02768611907959
30.308992862701416
30.62149739265442
30.86087656021118
31.0999174118042
31.356399536132812
31.60371708869934
31.879188537597656
32.13297724723816
32.39954495429993
32.656044244766235
32.938443660736084
33.17777156829834
33.46260905265808
33.76829242706299
34.010069847106934
34.24747824668884
34.4879515171051
34.727463245391846
34.97241473197937
35.29663348197937
35.62323260307312
35.86115574836731
36.099905490875244
36.32671904563904
36.549957513809204
36.78467845916748
37.04955506324768
37.26803016662598
37.495994091033936
37.80433201789856
38.11689877510071
38.38073110580444
38.63324809074402
38.88869619369507
39.167580127716064
39.45539474487305
39.735907554626465
39.99463438987732
40.259151220321655
40.519970655441284
40.75558519363403
40.999178647994995
41.256871938705444
41.51804566383362
41.76095485687256
42.00101685523987
42.282224893569946
42.5263409614563
42.79313945770264
43.065030336380005
43.31890153884888
43.53660035133362
43.76641392707825
44.04346442222595
44.304770708084106
44.573415756225586
44.80093860626221
45.03590106964111
45.28265929222107
45.51415705680847
45.78086566925049
46.02180004119873
46.30381512641907
46.52911615371704
46.74802494049072
46.98827242851257
47.2300922870636
47.478222370147705
47.740134954452515
47.99391317367554
48.261441707611084
48.523454427719116
48.7929847240448
49.049134254455566
49.31967258453369
49.57774376869202
49.82959604263306
50.09178638458252
50.35377883911133
50.64289379119873
50.88402271270752
51.16953206062317
51.445942640304565
51.70474815368652
51.97186350822449
52.220235109329224
52.46680784225464
52.72699761390686
52.960121154785156
53.21041393280029
53.454895973205566
53.73172068595886
54.003795862197876
54.28170585632324
54.540268898010254
54.791404008865356
55.067721128463745
55.34001803398132
55.609585762023926
55.890467166900635
56.18830895423889
56.467055797576904
56.75542187690735
57.03209829330444
57.27345943450928
57.50204277038574
57.74602270126343
57.995423793792725
58.243202924728394
58.69464659690857
58.942691802978516
59.19125509262085
59.45162105560303
59.680272340774536
59.93946313858032
60.21373701095581
60.46155023574829
60.69813299179077
60.98740863800049
61.3019003868103
61.57005429267883
61.8437979221344
62.11387538909912
62.38507008552551
62.63622498512268
62.87523555755615
63.1350839138031
63.429354429244995
63.69467854499817
63.93650841712952
64.25487112998962
64.5042085647583
64.77676439285278
65.04267883300781
65.2924644947052
65.55933022499084
65.83493685722351
66.10257029533386
66.35784006118774
66.62076354026794
66.86853861808777
67.13125777244568
67.41803884506226
67.74372482299805
68.00559759140015
68.26639223098755
68.4943916797638
68.79408669471741
69.02525448799133
69.31302690505981
69.58612179756165
69.88191342353821
70.1146810054779
70.31916117668152
70.52855587005615
70.77709007263184
70.99898791313171
71.32949137687683
71.6040518283844
71.87794923782349
72.15488934516907
72.42296743392944
72.67069268226624
72.93826293945312
73.21213030815125
73.4468994140625
73.68947315216064
73.94834876060486
74.2415189743042
74.49346280097961
74.73490190505981
74.98244118690491
75.24571466445923
75.56647682189941
75.83286666870117
76.09293556213379
76.37307238578796
76.70661997795105
76.98439002037048
77.23743629455566
77.59005117416382
77.94958281517029
78.23140287399292
78.50358271598816
78.77169179916382
79.11889624595642
79.39988541603088
79.66499614715576
79.94216966629028
80.21140837669373
80.47990798950195
80.71853947639465
80.98353099822998
81.23835754394531
81.53457283973694
81.80310297012329
82.08782982826233
82.36688995361328
82.66333436965942
82.93602585792542
83.27277565002441
83.58402252197266
83.85224843025208
84.11523485183716
84.39426612854004
84.71204876899719
85.02590608596802
85.31201553344727
85.67542338371277
86.17773985862732
86.50251531600952
86.78549385070801
87.07008457183838
87.33523869514465
87.65436172485352
87.93723368644714
88.22176671028137
88.4904146194458
88.76597905158997
89.01633810997009
89.26266098022461
89.507333278656
89.78117799758911
90.04663276672363
90.34156441688538
90.60276198387146
90.83361268043518
91.0707471370697
91.30403232574463
91.55416822433472
91.89085960388184
92.16986727714539
92.43582129478455
92.70027136802673
92.9749870300293
93.27195000648499
93.5457673072815
93.88747835159302
94.18698859214783
94.57244110107422
94.87975478172302
95.17609810829163
95.43627953529358
95.71542429924011
96.01938033103943
96.32221603393555
96.58824300765991
97.00855255126953
97.28827857971191
97.55913639068604
97.85112714767456
98.10619044303894
98.35032200813293
98.5876293182373
98.87725067138672
99.15834069252014
99.45909547805786
99.82215404510498
100.08244442939758
100.3159852027893
100.57525873184204
100.81818079948425
101.06486797332764
101.3068196773529
101.55056619644165
101.79438495635986
102.00894856452942
102.23761439323425
102.49381351470947
102.75275588035583
103.06474995613098
103.32782101631165
103.70583963394165
103.99789214134216
104.30754327774048
104.57481145858765
104.83805274963379
105.108957529068
105.38659381866455
105.63469791412354
105.92297863960266
106.22099614143372
106.49782824516296
106.78394937515259
107.07149863243103
107.3490481376648
107.62825083732605
107.91050910949707
108.22346067428589
108.51794362068176
108.79469227790833
109.08756875991821
109.35377645492554
109.65310382843018
109.9521689414978
110.23902606964111
110.51382327079773
110.78693127632141
111.06824588775635
111.3254599571228
111.59896540641785
111.96567916870117
112.352121591568
112.67521119117737
112.9710693359375
113.33880996704102
113.60879898071289
113.9056978225708
114.18838334083557
114.43432188034058
114.67154955863953
114.94105124473572
115.19017839431763
115.47690391540527
115.7486219406128
116.01028108596802
116.30066895484924
116.5835828781128
116.88964414596558
117.13936233520508
117.4113359451294
117.68183302879333
117.94132542610168
118.30483388900757
118.56854915618896
118.84746265411377
119.0896668434143
119.42931580543518
119.72627067565918
120.01111841201782
121.17051935195923
121.57057213783264
121.83993816375732
122.19497728347778
122.46685266494751
122.75476741790771
123.12114405632019
123.37938070297241
123.66572690010071
123.92000770568848
124.1945104598999
124.46751999855042
124.76426553726196
125.01348185539246
125.29991579055786
125.6440269947052
125.93513989448547
126.22259163856506
126.53077411651611
126.81927394866943
127.11885857582092
127.42085099220276
127.70252108573914
127.98676109313965
128.22120094299316
128.49953746795654
128.7730748653412
129.03345465660095
129.30875492095947
129.63205814361572
129.9464099407196
130.2412416934967
130.50074744224548
130.86089038848877
131.17863202095032
131.45222759246826
131.7402184009552
132.00819730758667
132.24511623382568
132.51458382606506
132.79889559745789
133.07455801963806
133.34015655517578
133.59473252296448
133.83741736412048
134.11804819107056
134.46298909187317
134.71633005142212
134.95017957687378
135.21798992156982
135.4599747657776
135.70245146751404
135.96833109855652
136.21903920173645
136.53252983093262
136.8344783782959
137.17288517951965
137.45235133171082
137.69196105003357
137.94670796394348
138.2203071117401
138.5155725479126
138.89522910118103
139.19634199142456
139.51965594291687
139.85610580444336
140.1699469089508
140.50073146820068
140.7626974582672
141.04329013824463
141.30132675170898
141.503680229187
141.69152212142944
142.02507328987122
142.26087427139282
142.49295735359192
142.74161577224731
142.9943745136261
143.26444172859192
143.51891994476318
143.76402354240417
144.07078623771667
144.36245226860046
144.7680640220642
145.0341386795044
145.367506980896
145.74858117103577
146.00431275367737
146.2877025604248
146.64441227912903
146.96212911605835
147.35114002227783
147.6325807571411
147.91797304153442
148.1976923942566
148.46518874168396
148.69839000701904
148.9493489265442
149.16547441482544
149.42379117012024
149.6920256614685
149.95035576820374
150.21753334999084
150.46831965446472
150.73168754577637
151.0153889656067
151.2644064426422
151.5320384502411
151.7821023464203
152.05281329154968
152.31911730766296
152.58376502990723
152.8256390094757
153.1352686882019
153.40616917610168
153.6991798877716
154.04157304763794
154.32543015480042
154.61570262908936
154.90766143798828
155.21532130241394
155.53355932235718
155.81233954429626
156.09117913246155
156.3894453048706
156.79278087615967
157.11600518226624
157.4165186882019
157.72129082679749
158.0090136528015
158.35179328918457
158.64652156829834
158.9174349308014
159.21733808517456
159.50015258789062
159.77389645576477
160.07122564315796
160.3432433605194
160.61968636512756
160.91439580917358
161.22843384742737
161.53049778938293
162.24985694885254
162.6012716293335
162.92251682281494
163.2801730632782
163.53415870666504
163.76563382148743
163.99513387680054
164.24620389938354
164.4975507259369
164.8200182914734
165.17579460144043
165.4444718360901
165.7651388645172
166.05146312713623
166.34219598770142
166.63129329681396
166.91650009155273
167.18916201591492
167.49222826957703
167.7646028995514
168.02815985679626
168.2861135005951
168.57280111312866
168.85364818572998
169.17839217185974
169.50158834457397
169.8360321521759
170.15367984771729
170.48824405670166
170.74921035766602
171.01096653938293
171.26457357406616
171.51388549804688
171.76743006706238
172.0370876789093
172.3221151828766
172.65692520141602
172.9304747581482
173.20297765731812
173.49326014518738
173.761736869812
174.0475070476532
174.36734127998352
174.6424961090088
174.99413800239563
175.32266473770142
175.61527228355408
175.95419549942017
176.26798796653748
176.5429391860962
176.85083031654358
177.11870622634888
177.40339493751526
177.69981241226196
177.9985499382019
178.31710624694824
178.60075306892395
178.88107872009277
179.13110208511353
179.3743827342987
179.6134262084961
179.90649437904358
180.1509861946106
180.40612840652466
180.6836290359497
180.98825025558472
181.22795486450195
181.49154353141785
181.7375066280365
182.01184344291687
182.26243019104004
182.5474338531494
182.80215907096863
183.0610179901123
183.2996973991394
183.65338325500488
183.9468445777893
184.29943537712097
184.57806777954102
185.02616548538208
185.29451513290405
185.60769271850586
185.9315197467804
186.23441338539124
186.55573844909668
186.82388830184937
187.10145568847656
187.3614947795868
187.6525375843048
187.9323582649231
188.2099528312683
188.49971175193787
188.805335521698
189.11520624160767
189.37100386619568
189.5921425819397
189.7789225578308
189.95423817634583
190.22810792922974
190.52183151245117
190.7966046333313
191.05514192581177
191.28967547416687
191.5412847995758
191.76631450653076
192.0044949054718
192.47370219230652
192.79678320884705
193.17204236984253
193.46076607704163
193.75465869903564
194.0628309249878
194.4971718788147
194.773699760437
