33.76639747619629
34.70166802406311
35.397907972335815
35.94013833999634
36.48414492607117
37.10233736038208
37.70256996154785
38.320396184921265
38.88335204124451
39.47428512573242
40.09576344490051
40.606080770492554
41.21389174461365
41.83297610282898
42.40670657157898
42.99255633354187
43.56217813491821
44.215840339660645
44.76313519477844
45.320608615875244
45.87031006813049
46.42113995552063
46.993645429611206
47.592729806900024
48.15443825721741
48.73747730255127
49.24740648269653
50.111520528793335
50.69426202774048
51.29798197746277
51.811020851135254
52.36528944969177
52.95007801055908
53.463772773742676
54.081047773361206
54.5929856300354
55.155654430389404
55.63610243797302
56.23079776763916
56.75459671020508
57.26972413063049
57.790727615356445
58.310070514678955
58.91449308395386
59.48559546470642
60.07607889175415
60.638230085372925
61.22586941719055
61.80356168746948
62.39373540878296
62.9422824382782
63.55692005157471
64.1406717300415
64.81568956375122
65.44217705726624
66.0307297706604
66.62022352218628
67.14184355735779
67.67426443099976
68.20634198188782
68.78556442260742
69.36574196815491
69.94385027885437
70.56183171272278
71.18666648864746
71.76678323745728
72.36877465248108
72.93901872634888
73.50196862220764
74.13216042518616
74.71231484413147
75.32520627975464
75.92992973327637
76.56340622901917
77.1530773639679
77.74165034294128
78.37832832336426
78.94443821907043
79.5269844532013
80.22306966781616
80.78793907165527
81.37328672409058
81.96260333061218
82.52816867828369
83.1090235710144
83.65963816642761
84.22395420074463
84.7752161026001
85.3493402004242
85.92756175994873
86.50214338302612
87.06558799743652
87.65958619117737
88.26389265060425
88.86463332176208
89.48082280158997
90.06301999092102
90.67632842063904
91.26024222373962
91.8814160823822
92.45886898040771
93.02105069160461
93.61172246932983
94.18110466003418
94.78141665458679
95.57442855834961
96.13900804519653
96.75745463371277
97.3379065990448
97.8652720451355
98.47478795051575
99.0308141708374
99.6328330039978
100.28611373901367
100.88318967819214
101.5018355846405
102.1140148639679
102.74989557266235
103.35406923294067
103.9897894859314
104.59018206596375
105.15684747695923
105.73306775093079
106.26340532302856
106.82607316970825
107.44582891464233
108.02616119384766
108.5755844116211
109.18990278244019
109.73082232475281
110.30039620399475
110.83488512039185
111.45940232276917
112.02428412437439
112.58939099311829
113.14715075492859
113.7165060043335
114.19179153442383
114.81201505661011
115.37035703659058
115.92744493484497
116.53682136535645
117.11120748519897
117.72657990455627
118.29411888122559
118.8416268825531
119.37612795829773
119.8678252696991
120.41659307479858
121.05022764205933
121.68099880218506
122.38422536849976
123.0261583328247
123.67799234390259
124.3434624671936
124.91393780708313
125.52455139160156
126.11050152778625
126.74714851379395
127.36028456687927
127.9371337890625
128.56660342216492
129.1158676147461
129.68830704689026
130.2780933380127
131.0415005683899
131.59178853034973
132.1889579296112
132.8395528793335
133.48700737953186
134.04487466812134
134.6783812046051
135.2313723564148
135.88506650924683
136.39205718040466
136.95641040802002
137.60717630386353
138.21568846702576
138.70473527908325
139.25201869010925
139.8577823638916
140.5041868686676
141.11797285079956
141.66407680511475
142.820702791214
143.24188113212585
143.8136682510376
144.4669327735901
145.0590181350708
145.64890050888062
146.25597143173218
146.88495206832886
147.43397164344788
148.03031063079834
148.6706874370575
149.3281352519989
149.9638216495514
150.56885957717896
151.20727634429932
151.80564403533936
152.42945766448975
153.09892678260803
153.65468549728394
154.3244113922119
154.90583777427673
155.4743733406067
155.932053565979
156.48828983306885
157.0373616218567
157.60165786743164
158.3577082157135
158.96455121040344
159.54364013671875
159.96558952331543
160.61082315444946
161.4016239643097
161.95341730117798
162.6859850883484
163.2796995639801
163.91393375396729
164.55785584449768
165.03780508041382
165.53594946861267
166.05197072029114
166.5767297744751
167.22923111915588
167.92561173439026
168.53193855285645
169.23136830329895
169.90355014801025
170.62432861328125
171.3147349357605
171.93040919303894
172.58160042762756
173.29561614990234
173.97885918617249
174.64279675483704
175.21076941490173
175.8375256061554
176.413099527359
176.9952254295349
177.63500475883484
178.2890510559082
178.96168184280396
179.56862330436707
180.22921204566956
180.80004692077637
181.2882206439972
181.8574047088623
182.46642518043518
183.0896623134613
183.77269768714905
184.3663170337677
185.0420787334442
185.66754508018494
186.29035925865173
186.92582297325134
187.53623843193054
188.0934977531433
188.67465806007385
189.31273794174194
189.89445877075195
190.47047066688538
191.03589344024658
191.62718844413757
192.3834934234619
193.023099899292
193.67525458335876
194.24940586090088
194.86578798294067
195.45309972763062
196.06086349487305
196.69421815872192
197.31523156166077
197.988671541214
198.6204068660736
199.21325874328613
199.81478548049927
200.40441823005676
201.11416125297546
201.75716423988342
202.4791877269745
203.04072999954224
203.72516417503357
204.3350112438202
204.99207520484924
205.59503722190857
206.18213725090027
206.78227257728577
207.38779258728027
207.9997000694275
208.69693183898926
209.37430453300476
209.9594864845276
210.5036129951477
211.21584606170654
211.87884068489075
212.56549906730652
213.13725066184998
213.69913721084595
214.2983889579773
214.89515566825867
215.48676228523254
216.12871384620667
216.84072852134705
217.4795241355896
218.06677651405334
218.61218881607056
219.12832164764404
219.68909072875977
220.27953791618347
220.86351442337036
221.55354118347168
222.13225078582764
222.74645566940308
223.4066252708435
223.99504256248474
224.6423110961914
225.4058563709259
226.0165536403656
226.68677949905396
227.16990756988525
227.8410267829895
228.4540548324585
229.0979106426239
229.68433046340942
230.30208325386047
230.90800261497498
231.52420377731323
232.20151829719543
232.86806082725525
233.54594826698303
234.16300344467163
234.84845519065857
235.47691750526428
236.11454439163208
236.752432346344
237.30895376205444
237.8499937057495
238.42037296295166
239.06073594093323
239.64427042007446
240.31341767311096
240.77084136009216
241.36945629119873
241.97328782081604
242.54571390151978
243.21929502487183
243.76302933692932
244.34599351882935
245.11839079856873
245.69077372550964
246.30544543266296
246.99649715423584
247.65547513961792
248.32230257987976
248.89190292358398
249.57365584373474
250.33110690116882
250.93197107315063
251.46150612831116
252.02794480323792
252.72280097007751
253.36748218536377
253.9347448348999
254.46472930908203
254.9734206199646
255.4936261177063
256.0348553657532
256.6325991153717
257.20063757896423
257.83020997047424
258.4887125492096
258.9839448928833
259.4945843219757
260.104115486145
260.67914056777954
261.2940077781677
261.87835216522217
262.5003640651703
263.09665870666504
263.6312952041626
264.21942377090454
264.92138957977295
265.5493862628937
266.17331051826477
266.80765438079834
267.41553354263306
267.9840145111084
268.6425323486328
269.20284628868103
269.83254075050354
270.47477626800537
271.0713143348694
271.6431448459625
272.2165250778198
272.8287887573242
273.3843004703522
273.9887328147888
274.55091524124146
275.1803226470947
275.7392358779907
276.30182456970215
276.966689825058
277.6892967224121
278.2195076942444
278.8295805454254
279.41923928260803
280.0146749019623
280.61613392829895
281.15433287620544
281.76708912849426
282.3574013710022
282.9565553665161
283.5483982563019
284.0887134075165
284.8488006591797
285.4815752506256
286.1319935321808
286.8023114204407
287.4478302001953
288.01887822151184
288.7277557849884
289.42734146118164
290.082884311676
290.6674017906189
291.29910826683044
291.9463891983032
292.5842237472534
293.3691806793213
293.97571539878845
294.5672960281372
295.1730766296387
295.7253243923187
296.37570309638977
296.9899640083313
297.5945031642914
298.1891782283783
298.8183784484863
299.3777666091919
299.99443554878235
300.5868339538574
301.1737205982208
301.7968144416809
302.3696839809418
302.97179317474365
303.5748109817505
304.1641433238983
304.87300968170166
305.61489510536194
306.2618098258972
306.91159892082214
307.62306809425354
308.25751662254333
308.8701515197754
309.4079873561859
310.0142960548401
310.64332365989685
311.23861813545227
311.874315738678
312.5456838607788
313.1447296142578
314.02081990242004
314.58755350112915
315.233624458313
315.82958793640137
316.41952562332153
316.97056007385254
317.5231440067291
318.0471646785736
318.7012128829956
319.3098974227905
319.94554591178894
320.5901596546173
321.2927927970886
321.98462533950806
322.76273679733276
323.3769474029541
324.051602602005
324.69480419158936
325.3892538547516
326.0347936153412
326.6681008338928
327.2697973251343
327.95141553878784
328.5897560119629
329.1874191761017
329.8619647026062
330.57016587257385
331.17891669273376
331.8316614627838
332.4798815250397
333.1705675125122
333.7891092300415
334.49701976776123
334.9842360019684
335.61844086647034
336.15882754325867
336.7376687526703
337.3418707847595
337.84938049316406
338.44264817237854
339.1686735153198
339.8228964805603
340.5002956390381
341.16153717041016
341.7916169166565
342.4226961135864
343.0223054885864
343.80773305892944
344.34650230407715
345.0034465789795
345.74474930763245
346.2812373638153
346.8764383792877
347.7551350593567
348.4928801059723
349.0409424304962
349.62226128578186
350.19286155700684
350.68764066696167
351.2347366809845
351.76611375808716
352.33985447883606
352.9375705718994
353.5617971420288
354.2694184780121
355.07470703125
355.57140827178955
356.1529905796051
356.77100801467896
357.44391989707947
358.0402023792267
358.64671874046326
359.2153444290161
359.844309091568
360.4513075351715
361.13885736465454
361.8088319301605
362.5549795627594
363.18875885009766
363.8416373729706
364.4496374130249
365.13200068473816
365.6947271823883
366.36628460884094
367.0383632183075
367.5935368537903
368.20182967185974
368.8192048072815
369.4114406108856
370.04954171180725
370.5359859466553
371.1483943462372
371.88550424575806
372.51333928108215
373.1460905075073
373.78306579589844
374.3865690231323
375.03020763397217
375.63843846321106
376.2889199256897
376.9058952331543
377.5050895214081
378.2025604248047
378.8261113166809
379.44833278656006
380.0460755825043
380.74400639533997
381.36733984947205
381.9694561958313
382.52579522132874
383.06854462623596
383.7319688796997
384.3509404659271
385.0442409515381
385.6716797351837
386.25052404403687
386.95878171920776
387.64210200309753
388.2799949645996
388.9302775859833
389.53169894218445
390.0763726234436
390.7332441806793
391.47060537338257
392.004762172699
392.7420139312744
393.49270009994507
394.0663974285126
394.68496465682983
395.4942054748535
396.17806243896484
396.8185360431671
397.48573541641235
398.1885712146759
398.9060800075531
399.4949882030487
400.2124481201172
400.83788442611694
401.4867663383484
402.06492495536804
402.6804361343384
403.23125743865967
403.80881357192993
404.42924547195435
405.09218883514404
405.691143989563
406.30461835861206
406.9649143218994
407.5691304206848
408.2972683906555
408.93294286727905
409.6056935787201
410.2593026161194
410.8939838409424
411.54174995422363
412.15274000167847
412.7406532764435
413.4396855831146
414.13089990615845
414.88095474243164
415.4511926174164
416.19719767570496
416.78703236579895
417.5036804676056
418.1866841316223
418.859249830246
419.51601934432983
420.2387228012085
420.8933072090149
421.5111286640167
422.12859535217285
422.7771942615509
423.40323209762573
423.9979450702667
424.65424060821533
425.4105980396271
425.95281863212585
426.64576482772827
427.2664260864258
427.885591506958
428.5437786579132
429.19293236732483
429.79621505737305
430.53931403160095
431.33378195762634
432.26621437072754
433.13479113578796
433.970725774765
434.509526014328
435.15218472480774
435.75084400177
436.3739290237427
437.2213397026062
437.8860676288605
438.46660327911377
439.02026081085205
439.63958168029785
440.24242401123047
440.82579922676086
441.4589354991913
442.05576491355896
442.6769423484802
443.3520324230194
443.9571030139923
444.6648094654083
445.26938581466675
445.91442489624023
446.59979915618896
447.20842933654785
447.9226613044739
448.5923008918762
449.2893271446228
449.9055287837982
450.486305475235
451.19995164871216
452.0587010383606
452.74626541137695
453.290979385376
453.82609272003174
454.43767404556274
455.61350560188293
456.0819697380066
456.932998418808
457.561402797699
458.2901039123535
458.87437176704407
459.49231481552124
460.1522810459137
460.7802186012268
461.3747651576996
461.95864176750183
462.5104444026947
463.08670115470886
463.6877703666687
464.25447368621826
464.9097113609314
465.5575895309448
466.1664047241211
466.78888416290283
467.44215059280396
468.06142473220825
468.8254568576813
469.53610396385193
470.1172225475311
470.8319320678711
471.507004737854
472.1856255531311
472.84566354751587
473.5022463798523
474.0460169315338
474.73470640182495
475.33890199661255
476.01650285720825
476.7453227043152
477.54770016670227
478.3315417766571
479.38558197021484
480.12438344955444
480.7770302295685
481.40176010131836
482.0634460449219
482.6312758922577
483.24314975738525
483.8444194793701
484.4580147266388
484.95639753341675
485.51041555404663
486.02658796310425
486.49345350265503
486.9814190864563
487.51008558273315
488.00488543510437
488.5306317806244
489.16758394241333
489.67013788223267
490.25997400283813
490.8194649219513
491.48647594451904
492.12343072891235
492.8539876937866
493.5560474395752
494.13011932373047
494.74610352516174
495.36225390434265
496.0445730686188
496.7250921726227
497.37181329727173
498.0024564266205
498.7736532688141
499.30471301078796
499.91193652153015
500.5222837924957
501.1399939060211
501.7620940208435
502.3582355976105
502.94326639175415
503.57075595855713
504.23264932632446
504.8628053665161
505.658802986145
506.3706567287445
507.34038829803467
507.9714379310608
508.5605139732361
509.0821657180786
509.6581013202667
510.2587773799896
510.86804604530334
511.4035813808441
511.9308183193207
512.4914548397064
513.1281816959381
513.6972804069519
514.4862282276154
515.3047530651093
515.8396139144897
516.5330636501312
517.1910817623138
517.8299798965454
518.4800860881805
519.0826156139374
519.6758916378021
520.2925426959991
520.950569152832
521.5885446071625
522.234126329422
522.8469033241272
523.5509104728699
524.1535439491272
524.7375018596649
525.2678506374359
525.8176381587982
526.4440772533417
526.9734508991241
527.5627439022064
528.1332447528839
528.7263643741608
529.2964904308319
529.9295172691345
530.5364723205566
531.1136248111725
531.7285697460175
533.1007444858551
534.1055138111115
534.7795176506042
535.7889466285706
536.6743280887604
537.396231174469
537.9876842498779
538.7562117576599
539.2650077342987
539.9524705410004
540.7558069229126
541.3369264602661
541.9583666324615
542.5597693920135
543.2416410446167
543.8986032009125
544.612065076828
545.3083920478821
545.9940502643585
546.6665861606598
547.3870224952698
548.0458974838257
548.75847864151
549.3982486724854
550.0722467899323
550.7587168216705
551.53506731987
552.2285041809082
553