23.914129734039307
24.408494234085083
24.76906728744507
25.141225337982178
25.531983613967896
25.925275325775146
26.32047939300537
26.74717116355896
27.16913652420044
27.553003549575806
27.91773247718811
28.30642008781433
28.738890886306763
29.15704607963562
29.581252813339233
29.991180419921875
30.442068099975586
30.871962785720825
31.332101821899414
31.762433767318726
32.14098930358887
32.539934396743774
32.97943902015686
33.41577935218811
33.77723932266235
34.12536835670471
34.53477358818054
34.880149126052856
35.25379943847656
35.65162372589111
36.036529302597046
36.44223666191101
36.79598903656006
37.14179468154907
37.58498287200928
37.99699330329895
38.3903694152832
38.79683041572571
39.22755026817322
39.66015410423279
40.05084252357483
40.444533586502075
40.81851506233215
41.2097225189209
41.66359066963196
42.00101900100708
42.43145680427551
42.782774686813354
43.122453927993774
43.50337052345276
43.89416313171387
44.36376619338989
44.772249937057495
45.1945960521698
45.61163330078125
46.03677415847778
46.42998957633972
46.83877086639404
47.23671627044678
47.608036279678345
48.05378437042236
48.4709997177124
48.86557483673096
49.28118395805359
49.72265291213989
51.34870004653931
52.78052306175232
53.53566861152649
53.781240701675415
54.133195638656616
54.41539192199707
54.6933217048645
55.00384736061096
55.38366460800171
55.94963192939758
56.26926517486572
56.66555452346802
57.04771280288696
57.458248138427734
57.922844648361206
58.280625104904175
58.70030856132507
59.067333936691284
59.42673587799072
59.84752106666565
60.215848445892334
60.62323546409607
61.03203797340393
61.34643888473511
61.764503717422485
62.17154002189636
62.52820181846619
62.91481065750122
63.31752109527588
63.83084297180176
64.40997672080994
65.08610415458679
65.48510766029358
65.91338014602661
66.42727756500244
66.91886234283447
67.31296610832214
67.71655654907227
68.12481307983398
68.54085063934326
68.87115836143494
69.28037810325623
69.61356902122498
69.96497654914856
70.37566781044006
70.79193592071533
71.27700090408325
71.68026661872864
72.09451007843018
72.55063056945801
72.91201615333557
73.314870595932
73.71731853485107
74.11593270301819
74.49220561981201
74.86584043502808
75.2761025428772
75.68203401565552
76.08221054077148
76.51361846923828
76.96352005004883
77.34422516822815
77.72201108932495
78.18720746040344
78.54941248893738
78.98362898826599
79.35974788665771
79.73519253730774
80.05313277244568
80.47643542289734
80.96936559677124
81.32762384414673
81.75393104553223
82.13317513465881
82.69053936004639
83.10040783882141
83.52014636993408
83.97348856925964
84.37653374671936
84.78077816963196
85.1872148513794
85.57481670379639
85.98314833641052
86.39587187767029
86.74941921234131
87.16686725616455
87.50740933418274
87.91276693344116
88.30458498001099
88.689457654953
89.08190131187439
89.41482019424438
89.79602909088135
90.168386220932
90.57985877990723
90.97644090652466
91.42881917953491
92.84013795852661
93.47313928604126
94.0771176815033
94.74660396575928
95.96881580352783
96.26056742668152
96.82857728004456
97.5615348815918
98.28218936920166
98.94854831695557
99.18794870376587
99.47534728050232
99.71615505218506
100.04961657524109
100.45540308952332
100.84043669700623
101.23476314544678
101.61298537254333
102.0151047706604
102.40949296951294
102.77268624305725
103.14617228507996
103.54748153686523
103.96483421325684
104.38087821006775
104.74631667137146
105.21991610527039
105.61197996139526
106.06419348716736
106.47109293937683
106.89341402053833
107.2939703464508
107.69388842582703
108.0068666934967
108.4394633769989
108.82979154586792
109.19666957855225
109.58158755302429
109.97635269165039
110.40392470359802
110.82704210281372
111.2515640258789
111.68382954597473
112.04760432243347
112.42836427688599
112.82536792755127
113.11344718933105
113.55206727981567
113.99073576927185
114.41987681388855
114.82452154159546
115.25286316871643
115.67517685890198
116.11931610107422
116.57036519050598
116.98999667167664
117.39469909667969
117.82820177078247
118.29910159111023
118.63620162010193
119.05108523368835
119.50204038619995
119.90394639968872
120.31458854675293
120.69983243942261
121.11092257499695
121.51890087127686
121.88910555839539
122.30829524993896
122.72705364227295
123.14853382110596
123.56474566459656
123.99953317642212
124.38950681686401
124.78025889396667
125.1940438747406
125.6242778301239
126.08598184585571
127.40760493278503
127.71595430374146
128.0287127494812
128.46120619773865
128.97326946258545
129.35550355911255
129.8167519569397
130.25954246520996
130.7066354751587
131.12789511680603
131.5783405303955
132.03258633613586
132.42394542694092
132.83946228027344
133.24411010742188
133.67877554893494
134.0409541130066
134.449848651886
134.8277051448822
135.29574418067932
135.68036699295044
136.06691336631775
136.48477935791016
136.91072154045105
137.31288123130798
137.75982022285461
138.18767261505127
138.62797236442566
139.04438614845276
139.42258477210999
139.85273218154907
140.24753737449646
140.66563439369202
141.1765637397766
141.56051421165466
141.9997842311859
142.42830085754395
142.86043167114258
143.34996962547302
143.7183473110199
144.11164212226868
144.55346584320068
144.94138884544373
145.34777760505676
145.75648427009583
146.18592309951782
146.5823495388031
146.9971787929535
147.44024443626404
147.87239909172058
148.28180408477783
148.69447088241577
149.08157420158386
149.553081035614
149.94077134132385
150.3183262348175
150.7152862548828
151.15072178840637
151.5531439781189
151.9803822040558
152.35203647613525
152.75391578674316
153.14431881904602
153.5912356376648
153.99138832092285
154.47618341445923
154.94763731956482
155.34980297088623
155.7598159313202
156.19394779205322
156.64944887161255
157.08588314056396
157.5438048839569
157.97111248970032
158.3298807144165
158.76489305496216
159.23772978782654
159.67617654800415
160.1400351524353
160.57614088058472
160.96831464767456
161.3552429676056
161.7724597454071
162.23542714118958
162.67301440238953
163.11998748779297
163.51584029197693
163.81254649162292
164.2750747203827
164.66961550712585
165.0974006652832
165.4538655281067
165.83654069900513
166.252295255661
166.59483647346497
166.93087911605835
167.26028776168823
167.6461362838745
168.03879189491272
168.48485946655273
168.87854933738708
169.24236726760864
169.67176294326782
170.11139178276062
170.46900296211243
170.77922677993774
171.1677532196045
171.5361430644989
171.86827778816223
172.22274589538574
172.59535551071167
173.04314517974854
173.43434309959412
174.0352964401245
174.48908066749573
174.89925932884216
175.3934450149536
175.89822053909302
176.34092950820923
176.7622845172882
177.18197441101074
177.59437608718872
178.0781214237213
178.49502825737
178.9485387802124
179.3763873577118
179.8023009300232
180.25208187103271
180.57923555374146
180.97839546203613
181.37115955352783
181.85526490211487
182.29456686973572
182.7217254638672
183.16716814041138
183.60333466529846
184.06177496910095
184.49498891830444
184.91534399986267
185.31402778625488
185.69299173355103
186.0604588985443
186.46414160728455
186.91191220283508
187.3453152179718
187.7787618637085
188.2256143093109
188.66687178611755
189.08119320869446
189.52866625785828
189.95863914489746
190.6144139766693
190.96541380882263
191.35656929016113
191.7627193927765
192.21214365959167
192.58306169509888
192.89293766021729
193.2735755443573
193.68219900131226
194.15074014663696
194.65668725967407
195.10263919830322
195.6035749912262
196.0736358165741
196.48089861869812
196.8982367515564
197.39968371391296
197.9039008617401
198.46059012413025
198.95080304145813
199.38060188293457
199.8730731010437
200.32365036010742
200.7833194732666
201.22094440460205
201.73104691505432
202.16403651237488
202.58581137657166
203.0118179321289
203.4340889453888
203.8727707862854
204.3103346824646
204.77122807502747
205.18547105789185
205.5968689918518
206.16849327087402
206.58650755882263
206.98878169059753
207.41207671165466
207.8806049823761
208.3705735206604
208.83116340637207
209.31249165534973
209.70048570632935
210.15574145317078
210.6116075515747
211.0490539073944
211.4684543609619
211.90499711036682
212.36231684684753
212.8402075767517
213.2625334262848
213.76824736595154
214.2084047794342
214.64888906478882
215.0301148891449
215.4059042930603
215.92110919952393
216.34832501411438
216.7559461593628
217.23558902740479
217.61558151245117
218.01421546936035
218.4520411491394
218.94863176345825
219.38469982147217
219.77658224105835
220.19410514831543
220.62421345710754
221.06041383743286
221.52198243141174
221.9498860836029
222.33694982528687
222.78894686698914
223.24318504333496
223.7313630580902
224.11234426498413
224.5283763408661
225.01529335975647
225.4626100063324
225.92028069496155
226.34721732139587
226.82238578796387
227.2669141292572
227.73754787445068
228.266526222229
228.74430561065674
229.20848608016968
229.54459166526794
229.9125874042511
230.37819170951843
230.83330488204956
231.24884510040283
231.64763236045837
232.052574634552
232.4432499408722
232.87855625152588
233.2882285118103
233.71259593963623
234.16706609725952
234.49139976501465
234.93829441070557
235.38762664794922
235.84914875030518
236.30658745765686
236.72659516334534
237.15361285209656
237.58511018753052
237.97444868087769
238.39520835876465
238.84381580352783
239.2772388458252
239.6906774044037
240.17674922943115
240.59991669654846
241.06661820411682
241.5190827846527
241.94215750694275
242.304057598114
242.6968970298767
243.1452088356018
243.58169603347778
243.9250464439392
244.29772520065308
244.71135997772217
245.0639774799347
245.43319439888
245.94925928115845
246.26061487197876
246.68302488327026
247.04525589942932
247.48945713043213
247.86091542243958
248.27270698547363
248.74200701713562
249.2089295387268
249.6839575767517
250.16036009788513
250.5730185508728
251.0320725440979
251.47264742851257
251.9373161792755
252.34139752388
252.76924085617065
253.26954817771912
253.73627066612244
254.19733667373657
254.69951486587524
255.2213122844696
255.6564085483551
256.11077857017517
256.5496482849121
256.9726107120514
257.42483401298523
257.86065578460693
258.24280428886414
258.7082087993622
259.08991527557373
259.50575518608093
259.96842980384827
260.47074842453003
260.9363000392914
261.39377427101135
261.89653301239014
262.3989214897156
262.8476722240448
263.2907004356384
263.70058703422546
264.15582299232483
264.5743496417999
265.0030941963196
265.45791888237
265.9522590637207
266.3772201538086
266.82700419425964
267.28149366378784
267.73912954330444
268.14597153663635
268.57157611846924
268.9606623649597
269.40604066848755
269.80731773376465
270.23042941093445
270.64518642425537
271.0603291988373
271.6354787349701
271.98465967178345
272.42606234550476
273.0058753490448
273.48336577415466
273.92469334602356
274.41430830955505
274.86197113990784
275.22365379333496
275.69153571128845
276.1766104698181
276.59248423576355
277.1141314506531
277.5412402153015
277.98171758651733
278.4192464351654
278.86353969573975
279.33809065818787
279.7497663497925
280.17088747024536
280.63650131225586
281.1415059566498
281.48537731170654
281.9064598083496
282.4231176376343
282.8690242767334
283.3056619167328
283.7658247947693
284.193377494812
284.6839280128479
285.17712593078613
285.62324571609497
286.06393337249756
286.52668166160583
286.9141309261322
287.2651081085205
287.6804416179657
288.1399269104004
288.61206340789795
289.02414441108704
289.4953451156616
289.83952140808105
290.2160749435425
290.61710810661316
291.0217316150665
291.4478933811188
291.9685089588165
292.4019453525543
293.1352527141571
293.54214453697205
293.9874758720398
294.4050395488739
294.85602831840515
295.2636351585388
295.64243030548096
296.07448148727417
296.52605509757996
296.97207379341125
297.414457321167
298.00849866867065
298.52771949768066
298.8499491214752
299.2459650039673
299.7037570476532
300.17356967926025
300.6335389614105
301.1119999885559
301.56494188308716
302.04423546791077
302.48047733306885
302.88351941108704
303.3557879924774
303.83406829833984
304.24258971214294
304.69265151023865
305.195960521698
305.73478412628174
306.1729850769043
306.5960247516632
306.99458026885986
307.38771080970764
307.8300886154175
308.2312686443329
308.67594742774963
309.10447931289673
309.52437257766724
309.9891793727875
310.59640860557556
311.08468103408813
311.52271485328674
311.99126982688904
312.5709433555603
313.06542897224426
313.4931905269623
313.8742926120758
314.2960329055786
314.73391032218933
315.1974380016327
315.7010865211487
316.18830132484436
316.52995777130127
316.994952917099
317.47820234298706
317.8455972671509
318.28254199028015
318.6850211620331
319.08931040763855
319.4203152656555
319.83329343795776
320.383882522583
320.7593550682068
321.19666934013367
321.62331461906433
322.02774810791016
322.44668769836426
322.88453340530396
323.2957842350006
323.78561997413635
324.24183678627014
324.6786024570465
325.23917508125305
325.61355805397034
325.97287464141846
326.37196111679077
326.8671386241913
327.34783816337585
327.8091151714325
328.27237272262573
328.6985876560211
329.15758895874023
329.6673786640167
330.1367177963257
330.6671636104584
331.1925690174103
331.6512427330017
332.1102845668793
332.6434061527252
333.0705852508545
333.48169708251953
334.01809525489807
334.4690525531769
334.973402261734
335.46895265579224
335.894907951355
336.35776114463806
336.8179886341095
337.26805877685547
337.7317476272583
338.1743412017822
338.62252259254456
339.0237033367157
339.5412871837616
339.9358766078949
340.4053621292114
340.8486475944519
341.25204396247864
341.65519404411316
342.0141496658325
342.4006357192993
342.8194658756256
343.2700459957123
343.7929391860962
344.27316069602966
344.7437963485718
345.2667303085327
345.735493183136
346.25368666648865
346.71159505844116
347.1574366092682
347.62216210365295
348.0691587924957
348.5513458251953
348.98172521591187
349.4603695869446
349.8618471622467
350.32815384864807
350.7370572090149
351.1910231113434
351.6746757030487
352.1711001396179
352.50393319129944
352.99169158935547
353.5425384044647
353.9564995765686
354.40561413764954
354.87287616729736
355.35925245285034
355.8178012371063
356.263174533844
356.8504867553711
357.27460265159607
357.71890592575073
358.1722569465637
358.619323015213
359.0162556171417
359.4702808856964
359.98256611824036
360.4419286251068
360.8091878890991
361.2324068546295
361.7538855075836
362.2194561958313
362.67210841178894
363.22532391548157
363.61228013038635
364.00638914108276
364.54914474487305
364.99324464797974
365.4309813976288
365.9084928035736
366.319797039032
366.77138805389404
367.22010707855225
367.6720850467682
368.1030201911926
368.5559175014496
369.0010952949524
369.5208218097687
369.97580003738403
370.4641635417938
370.88879919052124
371.3678877353668
371.79675579071045
372.2451424598694
372.70974946022034
373.094340801239
373.4857041835785
373.8050799369812
374.1517906188965
374.6087076663971
375.04482650756836
375.4622850418091
375.92843532562256
376.30587363243103
376.76759028434753
377.2074418067932
377.5956060886383
378.0047001838684
378.4871118068695
378.9039409160614
379.35741996765137
379.816486120224
380.2582724094391
380.674932718277
381.1523735523224
381.54513001441956
381.9634416103363
382.43385076522827
382.88369250297546
383.27565717697144
383.6915023326874
384.0170657634735
384.42141795158386
384.8364009857178
385.25812244415283
385.63535475730896
386.00776386260986
386.5186085700989
386.9100272655487
387.37959384918213
387.82155442237854
388.28896141052246
388.7054090499878
389.18266129493713
389.5931055545807
390.0053107738495
390.4234359264374
390.8953950405121
391.2236397266388
391.6377544403076
392.04562854766846
392.58762526512146
393.0674207210541
393.4985876083374
393.93181133270264
394.3675944805145
394.8418424129486
395.2886018753052
395.7883014678955
396.21380734443665
396.59901762008667
396.9892649650574
397.34268951416016
397.7687759399414
398.1426422595978
398.57825779914856
399.01878023147583
399.4607856273651
399.8761010169983
400.32843112945557
400.7737994194031
401.1991379261017
401.6067407131195
402.0132682323456
402.50970435142517
402.8979606628418
403.33509969711304
403.74020862579346
404.13274693489075
404.49681544303894
404.9165086746216
405.3231110572815
405.782541513443
406.16856932640076
406.6014449596405
407.0037133693695
407.4948477745056
407.94461584091187
408.36891078948975
408.78900623321533
409.2128517627716
409.6094801425934
410.0255742073059
410.46036553382874
410.894903421402
411.3296272754669
411.70103931427
412.1353225708008
412.51556968688965
412.8657896518707
413.27801156044006
413.67637157440186
414.05926275253296
415.1463005542755
415.6445519924164
416.08513283729553
416.3217968940735
416.96376371383667
417.351167678833
417.959370136261
418.5439703464508
420.23704838752747
420.4414474964142
421.1518898010254
