26.23899531364441
26.905848741531372
27.16969323158264
27.50861620903015
27.73403811454773
28.131567001342773
28.74810218811035
29.233437061309814
29.575698852539062
29.991684913635254
30.283459186553955
30.54221534729004
30.79718852043152
31.027411460876465
31.249722242355347
31.49463176727295
31.718594074249268
31.93479037284851
32.16079497337341
32.37827920913696
32.62815308570862
32.83778524398804
33.04883289337158
33.28383469581604
33.521634578704834
33.75119996070862
33.97947549819946
34.23281288146973
34.469156980514526
34.77265787124634
35.00642371177673
35.2320396900177
35.50813436508179
35.82254600524902
36.18850135803223
36.405312299728394
36.64311957359314
36.89580178260803
37.10620856285095
37.337568044662476
37.57666206359863
37.8368604183197
38.035812854766846
38.233717918395996
38.44442844390869
38.68216013908386
38.905598163604736
39.12424635887146
39.45228338241577
39.6818790435791
39.91168522834778
40.18160152435303
40.43464183807373
40.67729711532593
40.94334101676941
41.20095372200012
41.440738677978516
41.70012807846069
41.9749755859375
42.25284290313721
42.49139618873596
42.734875440597534
42.974666357040405
43.23565149307251
43.46828842163086
43.69781994819641
43.93496370315552
44.20705509185791
44.425535917282104
44.649393796920776
44.896363735198975
45.12666654586792
45.35907745361328
45.65218687057495
45.884127378463745
46.11591720581055
46.36741495132446
46.63988542556763
46.840503454208374
47.067955017089844
47.25732493400574
47.50085186958313
47.73907279968262
47.97201466560364
48.227195024490356
48.48921489715576
48.847469329833984
49.07484531402588
49.29530072212219
49.60551977157593
49.809404134750366
50.016987562179565
50.28236699104309
50.536694288253784
50.84903359413147
51.075724840164185
51.306615591049194
51.549556732177734
51.79886484146118
52.037503242492676
52.28640079498291
52.53351306915283
52.787461280822754
53.07733511924744
53.37042427062988
53.61549472808838
53.877758741378784
54.113187074661255
54.35613942146301
54.597023487091064
54.84796380996704
55.081485986709595
55.377174377441406
55.63103652000427
55.906986713409424
56.13561415672302
56.41487431526184
56.68331503868103
56.9687557220459
57.229947090148926
57.48251914978027
57.73463201522827
57.99658417701721
58.23526430130005
58.46297097206116
58.70046377182007
58.96962547302246
59.215964555740356
59.4601936340332
59.68891191482544
59.90235257148743
60.14208984375
60.38742923736572
60.61669898033142
60.88715934753418
61.15086650848389
61.37285542488098
61.57983183860779
61.80723309516907
62.02453875541687
62.23467683792114
62.455265522003174
62.694881439208984
62.92825150489807
63.19536566734314
63.42097759246826
63.664517641067505
64.01027822494507
64.37966656684875
64.64548110961914
64.88931632041931
65.1107931137085
65.363276720047
65.59376907348633
65.82831358909607
66.05212044715881
66.31460523605347
66.55396389961243
66.78239703178406
67.13204646110535
67.36642408370972
67.64210605621338
67.90946364402771
68.13018798828125
68.3749430179596
68.61968469619751
68.86842751502991
69.14222455024719
69.39834403991699
69.67043733596802
69.91942930221558
70.21479320526123
70.44086718559265
70.69787645339966
70.96239709854126
71.21876740455627
71.4432864189148
71.70416164398193
71.9643976688385
72.2088565826416
72.44624257087708
72.68419647216797
72.95043540000916
73.41534733772278
73.66648054122925
73.92787599563599
74.18818736076355
74.46444034576416
74.7201156616211
74.94871878623962
75.18036103248596
75.49924325942993
75.79146575927734
76.02136039733887
76.30748271942139
76.5786542892456
76.87559175491333
77.20713710784912
77.4905138015747
77.74299693107605
77.97466135025024
78.22946405410767
78.44986391067505
78.72218585014343
79.05831789970398
79.42712426185608
79.7006995677948
79.94725489616394
80.18494939804077
80.4607195854187
80.73446202278137
80.99823236465454
81.29652428627014
81.53284502029419
81.80177569389343
82.04421854019165
82.29975080490112
82.57348942756653
82.80639243125916
83.03079152107239
83.25915908813477
83.50624012947083
83.76901054382324
84.03924345970154
84.291583776474
84.54389262199402
84.84434747695923
85.05604720115662
85.3194227218628
85.55469799041748
85.77680730819702
85.98897218704224
86.27338695526123
86.49852585792542
86.7180540561676
86.93535327911377
87.16087341308594
87.3824815750122
87.60772514343262
87.90785026550293
88.07922124862671
88.3083107471466
88.4848906993866
88.76991319656372
89.17996263504028
89.41342258453369
89.67279481887817
89.95870995521545
90.22953987121582
90.50804615020752
90.79231095314026
91.18132257461548
91.4628632068634
91.73076438903809
91.9989321231842
92.26220083236694
92.49551653862
92.7524266242981
93.02570867538452
93.32375836372375
93.65291738510132
93.92984747886658
94.2378511428833
94.61244177818298
94.86144733428955
95.12665319442749
95.45805549621582
95.74914813041687
96.0098044872284
96.25190591812134
96.46056175231934
96.72546195983887
96.97241115570068
97.29964804649353
97.53961634635925
97.80616211891174
98.07028985023499
98.36920595169067
98.67709469795227
98.98084545135498
99.23941278457642
99.49935221672058
99.77621841430664
100.07211947441101
100.34871816635132
100.62637186050415
100.90634942054749
101.16225624084473
101.43620681762695
101.72185969352722
101.98612427711487
102.2388105392456
102.53084921836853
102.80741333961487
103.09041213989258
103.37590336799622
103.65490579605103
103.9280059337616
104.26198697090149
104.56029224395752
104.87077355384827
105.2423243522644
105.5223798751831
105.7810115814209
106.05750966072083
106.31485319137573
106.5729398727417
106.83254861831665
107.0984148979187
107.37265086174011
107.64856767654419
107.92071104049683
108.21040558815002
108.50935244560242
108.775958776474
109.03742933273315
109.35814476013184
109.64463305473328
109.93614482879639
110.31694340705872
110.59374260902405
110.87023067474365
111.1410756111145
111.43705296516418
111.72663736343384
112.03191757202148
112.32858109474182
112.59921884536743
112.95335292816162
113.28785228729248
113.5255241394043
113.79478693008423
114.02103900909424
114.277578830719
114.48597121238708
114.81552791595459
115.07176899909973
115.37876534461975
115.69145917892456
115.92400431632996
116.17258095741272
116.40714645385742
116.78166460990906
117.07398557662964
117.35316395759583
117.60744333267212
117.88355827331543
118.15970349311829
118.42217469215393
118.68627262115479
118.95385551452637
119.24330401420593
119.52218627929688
119.8015878200531
120.0784764289856
120.3890597820282
120.67326307296753
121.06050038337708
121.38678455352783
121.6644070148468
121.9288580417633
122.14495539665222
122.43569374084473
122.76008367538452
123.03482985496521
123.31302165985107
123.66979813575745
123.92886114120483
124.19779372215271
124.46771574020386
124.76728963851929
125.1908712387085
125.37558937072754
125.56269121170044
125.76636624336243
126.03575253486633
126.3134970664978
126.58965158462524
126.86855030059814
127.14307188987732
127.43043613433838
127.7091178894043
128.01307463645935
128.32656574249268
128.59909534454346
128.90849351882935
129.11928296089172
129.32586979866028
129.53874254226685
129.7604100704193
129.99468517303467
130.23000383377075
130.4610743522644
130.6859951019287
130.9194438457489
131.1434726715088
131.3654646873474
131.59807562828064
131.84549260139465
132.11964964866638
132.40496373176575
132.69373774528503
132.94266366958618
133.24378037452698
133.55396151542664
133.8213667869568
134.0671570301056
134.3127408027649
134.5635552406311
134.8076663017273
135.00516629219055
135.19113421440125
135.3630666732788
135.65153431892395
135.8780198097229
136.0748007297516
136.3109633922577
136.76076889038086
137.05415654182434
137.39885807037354
137.68344497680664
138.00137853622437
138.2759611606598
138.54185962677002
138.8656289577484
139.12780690193176
139.39820837974548
139.6563801765442
139.96143770217896
140.2331805229187
140.58908557891846
140.9033327102661
141.29119992256165
141.55324125289917
141.78912162780762
142.03784155845642
142.36623120307922
142.60954546928406
142.88617849349976
143.10269141197205
143.31934094429016
143.53381872177124
143.75699543952942
143.97833228111267
144.28745031356812
144.55848336219788
144.80220699310303
145.07049536705017
145.34484195709229
145.60140419006348
145.85872507095337
146.10105776786804
146.3309850692749
146.55763721466064
146.78628492355347
147.02499175071716
147.26053404808044
147.51063513755798
147.74001097679138
148.01833415031433
148.30730724334717
148.59019899368286
148.84174513816833
149.10653042793274
149.35656142234802
149.55612802505493
149.82992434501648
150.01533269882202
150.2181475162506
150.40386509895325
150.61447167396545
150.78777050971985
151.05359172821045
151.3150498867035
151.48561239242554
151.6798973083496
151.88398098945618
152.12607336044312
152.30854988098145
152.59603595733643
152.8818817138672
153.16199493408203
