25.007888317108154
26.02519726753235
26.367011547088623
26.71346116065979
27.263542890548706
27.59183955192566
27.871753692626953
28.15390133857727
28.598986864089966
28.884172439575195
29.147070169448853
29.648826360702515
29.929556846618652
30.162392616271973
30.395561933517456
30.545182466506958
30.867164134979248
31.096540451049805
31.315368175506592
31.538478136062622
31.751025915145874
31.97644829750061
32.21466112136841
32.434523820877075
32.6786584854126
32.91001605987549
33.124454975128174
33.33128905296326
33.5480740070343
33.76300549507141
33.922083377838135
34.13894248008728
34.40713405609131
34.593133211135864
34.81415677070618
35.01900362968445
35.21103501319885
35.40365386009216
35.61609673500061
35.81814980506897
36.01428246498108
36.215747356414795
36.410725116729736
36.60924768447876
36.81289315223694
37.06705093383789
37.24852705001831
37.443124771118164
37.61025786399841
37.80518627166748
38.00670313835144
38.22545909881592
38.46336913108826
38.6997709274292
39.54268264770508
39.777252197265625
40.02815794944763
40.25613188743591
40.50266361236572
40.733739137649536
40.97128677368164
41.21920323371887
41.45560026168823
41.71524453163147
41.998382806777954
42.25650405883789
42.46371364593506
42.68591523170471
42.919008016586304
43.21149253845215
43.49738383293152
43.69443321228027
43.872503995895386
44.18709087371826
44.40020489692688
45.38491225242615
46.07978272438049
46.27549457550049
46.46550226211548
46.70064973831177
47.007487297058105
47.26510691642761
47.495612382888794
47.718005657196045
47.9624388217926
48.31165409088135
48.54685854911804
48.7895245552063
49.06101322174072
49.361112117767334
49.840078353881836
50.077974796295166
50.33068799972534
50.55429673194885
50.83516240119934
51.05162262916565
51.29799246788025
51.54621410369873
51.785165309906006
52.09438371658325
52.360533475875854
52.61428880691528
52.891844034194946
53.12380337715149
53.42928647994995
53.68811511993408
53.97794437408447
54.235595703125
54.476531744003296
54.73253107070923
55.0050311088562
55.25358057022095
55.49540686607361
55.7642560005188
56.01948928833008
56.254035234451294
56.52426218986511
56.76800584793091
57.01947855949402
57.29653835296631
57.55605435371399
57.81783390045166
58.17324423789978
58.32270169258118
58.44718885421753
58.574615478515625
58.700467109680176
58.820637941360474
58.94948649406433
59.06895470619202
59.202064514160156
59.34764909744263
59.47162938117981
59.59968400001526
59.757949352264404
59.919501304626465
60.048858880996704
60.40319752693176
60.571693897247314
60.743030071258545
60.912895917892456
61.06332087516785
61.193325996398926
61.51922631263733
61.76317882537842
61.974530935287476
62.206076860427856
62.440646171569824
62.69486594200134
62.93719840049744
63.19150257110596
63.41976833343506
63.66154980659485
63.908345460891724
64.16383743286133
64.3988585472107
64.6229612827301
64.86426186561584
65.08066749572754
65.29928469657898
65.50606870651245
65.7331919670105
65.93934202194214
66.15969753265381
66.38879299163818
66.65585446357727
66.89968872070312
67.20417928695679
67.46359491348267
67.78827810287476
68.04015851020813
68.26384663581848
68.44825673103333
68.64841508865356
68.85721182823181
69.0761148929596
69.30029821395874
69.589519739151
69.84321308135986
70.10277223587036
70.37144494056702
70.59573125839233
70.8520278930664
71.11054062843323
71.33129739761353
71.56069707870483
71.82402610778809
72.07201647758484
72.3307101726532
72.57579708099365
72.78180050849915
73.03830146789551
73.26563549041748
73.53297352790833
73.79256200790405
74.03831624984741
74.30791854858398
74.59084033966064
74.85019516944885
75.08826994895935
75.34598398208618
75.57167315483093
75.74743151664734
75.93233156204224
76.10818147659302
76.27708554267883
76.47297072410583
76.65229797363281
76.87801814079285
77.09337878227234
77.40536785125732
77.64378809928894
78.00006008148193
78.23812413215637
78.47873067855835
78.69588685035706
78.93235850334167
79.19544982910156
79.47097849845886
79.74424695968628
80.03005027770996
80.30504131317139
80.57440257072449
80.83468580245972
81.08887314796448
81.3351058959961
81.59291982650757
81.84136199951172
82.09665894508362
82.64816522598267
82.92509436607361
83.18301796913147
83.38697862625122
83.64758706092834
83.88661193847656
84.1611909866333
84.45262122154236
84.72856378555298
85.03695368766785
85.32788395881653
85.60769367218018
85.87699580192566
86.10134291648865
86.44314193725586
86.69561219215393
86.94624209403992
87.19973158836365
87.45370411872864
87.6878879070282
87.9224054813385
88.18680548667908
88.44702315330505
88.72111368179321
89.02344107627869
89.30001974105835
89.56610941886902
89.83263921737671
90.08626341819763
90.33578944206238
90.581294298172
90.94965147972107
91.20688223838806
91.49991774559021
91.74543523788452
92.20336103439331
92.45462417602539
92.69069385528564
92.93192648887634
93.17527985572815
93.392014503479
93.59229493141174
93.79505252838135
94.00809335708618
94.21426653862
94.4209303855896
94.63395595550537
94.83525896072388
95.05931806564331
95.27173805236816
95.4761610031128
95.67992544174194
95.9294502735138
96.16858386993408
96.4078757762909
96.68976283073425
96.96013069152832
97.24304509162903
97.49708986282349
97.7837724685669
98.05833172798157
98.30848169326782
98.56501412391663
98.83136439323425
99.30311059951782
99.52379584312439
99.72675776481628
99.91304421424866
100.04603219032288
100.1801221370697
100.34694290161133
100.47551727294922
100.60119318962097
100.74775409698486
100.99194073677063
101.23750615119934
101.4699718952179
101.71321749687195
102.00450992584229
102.25862526893616
102.52523922920227
102.7956919670105
103.07349300384521
103.35261106491089
103.61319589614868
103.86981844902039
104.18953776359558
104.45972657203674
104.74363684654236
105.01717901229858
105.29096674919128
105.56139922142029
105.8162522315979
106.11268544197083
106.37704300880432
106.67690753936768
106.95589089393616
107.21907877922058
107.47998189926147
107.72688055038452
107.97303748130798
108.22781229019165
108.48988461494446
108.76067590713501
109.06142950057983
109.29985928535461
109.60389590263367
109.9569947719574
110.32113480567932
110.58045625686646
110.80273032188416
111.0596113204956
111.30319738388062
111.52582907676697
111.74460458755493
111.97147965431213
112.18403244018555
112.39966368675232
112.62437915802002
112.87903308868408
113.33066701889038
113.50902533531189
113.76110100746155
114.03324937820435
114.36297750473022
114.66259694099426
114.95705986022949
115.23601746559143
115.5029547214508
115.78387331962585
116.04990768432617
116.29078125953674
116.59563565254211
116.87683439254761
117.14710736274719
117.4166431427002
117.68503403663635
117.96767449378967
118.23960208892822
118.49511480331421
118.77944612503052
119.02547144889832
119.25557804107666
119.49555373191833
119.74661660194397
120.01107144355774
120.31938028335571
120.61299443244934
120.9150881767273
121.18603491783142
121.47756671905518
121.77410316467285
122.06013512611389
122.35219717025757
122.6643340587616
122.97119498252869
123.30507493019104
123.53320169448853
123.77529788017273
123.98727202415466
124.23059439659119
124.52049708366394
124.81674385070801
125.11321878433228
125.43123030662537
125.72648811340332
126.0287663936615
126.3043303489685
126.61684536933899
126.8556616306305
127.0846791267395
127.31125068664551
127.57095623016357
127.86433434486389
128.11987924575806
128.38165807724
128.6442792415619
128.87553596496582
129.10863995552063
129.42484760284424
129.71791982650757
130.10913109779358
130.36655259132385
130.79573798179626
131.02299690246582
131.2632827758789
131.5143904685974
131.8020224571228
132.10497426986694
132.37275671958923
132.65326189994812
132.9494993686676
133.2226619720459
133.51453113555908
133.79407286643982
134.07307314872742
134.3672230243683
134.66401505470276
134.91198110580444
135.1630835533142
135.42638850212097
135.69138646125793
136.0170214176178
136.29305171966553
136.56356239318848
136.83651542663574
137.08271098136902
137.31678915023804
137.5250256061554
137.71584630012512
137.91435623168945
138.097021818161
138.28461456298828
138.47155666351318
138.66005063056946
138.90145349502563
139.1453378200531
139.41886019706726
139.6120035648346
139.9853277206421
140.22784328460693
140.4898202419281
140.76389169692993
141.03614568710327
141.29474782943726
141.5532670021057
141.80488896369934
142.0492298603058