33.77297282218933
34.17948389053345
34.50813841819763
34.77594041824341
35.05651497840881
35.30372476577759
35.530333518981934
35.762728691101074
35.974281549453735
36.24037575721741
36.521891355514526
36.775872468948364
36.9887592792511
37.19233846664429
37.40366840362549
37.67297911643982
37.91010117530823
38.14145851135254
38.35900640487671
38.577661752700806
38.8056960105896
39.019389629364014
39.2586944103241
39.492170572280884
39.74706315994263
39.997384786605835
40.23676943778992
40.53079056739807
40.76879382133484
41.02388834953308
41.27924871444702
41.57389187812805
41.83312630653381
42.06663250923157
42.344033002853394
42.5720739364624
42.79120063781738
43.03425145149231
43.273104429244995
43.525439739227295
43.78430795669556
43.984063386917114
44.19723701477051
44.434654235839844
44.695663928985596
44.946083784103394
45.172409772872925
45.452046394348145
45.69945240020752
45.93505120277405
46.16536998748779
46.43920373916626
46.68264937400818
46.945929765701294
47.197800397872925
47.44834494590759
47.69297432899475
47.96331310272217
48.27556777000427
48.51325297355652
48.76823282241821
49.04947757720947
49.33292245864868
49.54842257499695
49.80086159706116
50.042062759399414
50.2959303855896
50.53933334350586
50.79588580131531
51.0309374332428
51.315415143966675
51.544169425964355
51.785637617111206
52.0372519493103
52.47194981575012
52.71694755554199
52.94875192642212
53.214256048202515
53.42236852645874
53.77016639709473
54.0328164100647
54.250691413879395
54.47457194328308
54.77047300338745
55.03853392601013
55.314417600631714
55.563477516174316
55.82333183288574
56.06195425987244
56.34211230278015
56.57345724105835
56.83563828468323
57.1064727306366
57.357946157455444
57.684630393981934
57.941261291503906
58.19376087188721
58.48778247833252
58.7670533657074
59.05984663963318
59.35840892791748
59.56226873397827
59.77006912231445
59.992578983306885
60.25648593902588
60.51088786125183
60.818363428115845
61.10947370529175
61.416568994522095
61.718745946884155
62.04727220535278
62.310303688049316
62.60796070098877
62.98245120048523
63.24653458595276
63.57873010635376
63.85488200187683
64.12514328956604
64.37579894065857
64.6119635105133
64.8445680141449
65.09607911109924
65.37472009658813
65.63772010803223
65.91461849212646
66.19568133354187
66.49845361709595
66.74908423423767
66.98472046852112
67.14786386489868
67.2767333984375
67.4107756614685
67.53833627700806
67.7106442451477
67.85019993782043
67.99458432197571
68.14245414733887
68.28247141838074
68.56329655647278
68.83761930465698
69.1160089969635
69.38664889335632
69.68442606925964
69.97439122200012
70.2530574798584
70.51152682304382
70.75587606430054
71.02488255500793
71.24163484573364
71.47790861129761
71.74088621139526
71.95378708839417
72.2297260761261
72.50162696838379
72.8130202293396
73.07803678512573
73.34481453895569
73.6110270023346
73.90067410469055
74.16183257102966
74.38008236885071
74.62287545204163
74.85856485366821
75.1001718044281
75.33186483383179
75.5978627204895
75.8341875076294
76.0634274482727
76.41542768478394
76.70308065414429
76.95603370666504
77.2254536151886
77.48058795928955
77.83456182479858
78.11582803726196
78.40658211708069
78.68684792518616
78.97123742103577
79.23871350288391
79.50030279159546
79.8289303779602
80.00457215309143
80.26176977157593
80.53003025054932
80.80343890190125
81.12278175354004
81.36845588684082
81.59218406677246
81.86812376976013
82.18094229698181
82.4380133152008
82.6942048072815
82.93810534477234
83.15986108779907
83.39812541007996
83.62941384315491
83.89296650886536
84.13977718353271
84.4096360206604
84.70654106140137
84.98424673080444
85.2331063747406
85.51403975486755
85.78544759750366
86.05009174346924
86.36357140541077
86.63695669174194
86.92780709266663
87.19353532791138
87.48446154594421
87.79860019683838
88.05145788192749
88.32063102722168
88.56216311454773
88.83242106437683
89.10936832427979
89.41176986694336
89.57769918441772
89.72226524353027
89.9167492389679
90.28449130058289
90.58711457252502
90.85198855400085
91.138014793396
92.26008749008179
92.5024778842926
92.77938151359558
93.02766418457031
93.29773354530334
93.55357432365417
93.86159205436707
94.13617777824402
94.40795493125916
94.75789093971252
95.0035789012909
95.27554178237915
95.56150770187378
95.85781359672546
96.15174102783203
96.43285894393921
96.70652675628662
96.98642587661743
97.25817656517029
97.53560423851013
97.80409121513367
98.10415649414062
98.39221000671387
98.69617342948914
99.00444722175598
99.32071352005005
99.59670782089233
99.87260150909424
100.13181829452515
100.3978374004364
100.71179986000061
100.98322415351868
101.29326677322388
101.62855529785156
101.92006039619446
102.20202302932739
102.48133325576782
102.74639821052551
103.03987121582031
103.32364010810852
103.57164859771729
103.82953977584839
104.10351943969727
104.39784479141235
104.66692876815796
104.95375275611877
105.2223436832428
105.48175024986267
105.79772710800171
106.06651830673218
106.43676447868347
106.66698384284973
106.88153839111328
107.16459274291992
107.42944002151489
107.72188425064087
107.98263764381409
108.23152351379395
108.54196953773499
108.81473159790039
109.11520338058472
109.52767086029053
109.80692839622498
110.12329840660095
110.4273111820221
110.71237063407898
111.05511927604675
111.43407964706421
111.77724933624268
112.09441328048706
112.41797041893005
112.73031687736511
113.12195801734924
113.45331764221191
113.784432888031
114.10973596572876
114.40428352355957
114.71343946456909
115.01906228065491
115.29520845413208
115.63927602767944
116.0016758441925
116.33558940887451
116.65808582305908
116.98466897010803
117.28387689590454
117.65378427505493
118.02849984169006
118.34245538711548
118.59030818939209
118.85029411315918
119.0375394821167
119.21573376655579
119.43216562271118
119.68481922149658
119.9730589389801
120.23044466972351
120.55535936355591
120.84718561172485
121.18701100349426
121.50946879386902
121.8188898563385
122.12451434135437
122.40520119667053
122.72868871688843
123.06320595741272
123.33662557601929
123.74119758605957
124.04328989982605
124.3179223537445
124.59908843040466
124.86781144142151
125.15638422966003
125.41672563552856
125.67043328285217
125.92633867263794
126.16522669792175
126.42242503166199
126.66514778137207
126.93554162979126
127.13897347450256
127.26434350013733
127.52138781547546
127.79650545120239
128.10618472099304
128.34010934829712
128.57712030410767
128.8185420036316
129.06070947647095
129.29430675506592
129.56854391098022
129.84161043167114
130.10634851455688
130.367906332016
130.63040685653687
130.93276810646057
131.24411249160767
131.52329516410828
131.78248858451843
132.03153085708618
132.30435848236084
132.60417079925537
132.87591099739075
133.14740300178528
133.40423274040222
133.7282841205597
134.0060293674469
134.28247690200806
134.5653591156006
134.8497290611267
135.1546492576599
135.41298747062683
135.6853837966919
135.9748866558075
136.26673436164856
136.58746933937073
136.95545601844788
137.31782817840576
137.67068791389465
138.0201177597046
138.3237669467926
138.59937357902527
138.93482446670532
139.27541971206665
139.57127046585083
139.87693762779236
140.20106077194214
140.47080755233765
140.7397928237915
141.0031657218933
141.2777247428894
141.51869797706604
141.74860501289368
142.01039099693298
142.26721119880676
142.50699591636658
142.76254153251648
143.03556561470032
143.29747438430786
143.62997198104858
144.0054166316986
144.28362560272217
144.63596105575562
144.9596724510193
145.2788109779358
145.5778796672821
145.8310489654541
146.15111923217773
146.43301701545715
146.7386989593506
147.0067012310028
147.25702738761902
147.5233690738678
147.7711522579193
148.01265263557434
148.37106680870056
148.66762900352478
148.9667251110077
149.2731945514679
149.59039855003357
149.88897132873535
150.16665291786194
150.43900966644287
150.73196959495544
151.0412359237671
151.3332920074463
151.63702917099
151.95407223701477
152.2355170249939
152.52821373939514
152.85973167419434
153.1893343925476
153.4693238735199
153.76178693771362
154.14861845970154
154.43300223350525
154.69793224334717
155.01437616348267
155.28291845321655
155.55498695373535
155.83215498924255
156.13864946365356
156.4644811153412
156.7574634552002
157.05570888519287
157.37212014198303
157.64012503623962
157.91083884239197
158.17816305160522
158.42794489860535
158.68982887268066
158.96984243392944
159.2296063899994
159.48352670669556
159.73557114601135
159.98425245285034
160.2150948047638
160.46028304100037
160.71785950660706
160.9594588279724
161.22654366493225
161.4971046447754
161.7581102848053
162.00425624847412
162.2976508140564
162.54937744140625
162.81052708625793
163.056471824646
163.3207609653473
163.6365020275116
163.9526650905609
164.31873965263367
164.6423316001892
164.90408730506897
165.17600297927856
165.44392704963684
165.71939134597778
166.00699830055237
166.28911900520325
166.55851006507874
166.84930443763733
167.12086462974548
167.41195225715637
167.73958444595337
168.05614829063416
168.32085990905762
168.60118913650513
168.80868005752563
169.0236370563507
169.22704339027405
169.4111921787262
169.59654879570007
169.79360389709473
170.05429816246033
170.30995798110962
170.57770586013794
170.8302285671234
171.08949184417725
171.36554145812988
171.63466143608093
171.9102144241333
172.19769835472107
172.54382014274597
172.88898301124573
173.19183325767517
173.4961621761322
173.770325422287
174.08560919761658
174.38290143013
174.68774509429932
175.01502895355225
175.32825922966003
175.63109350204468
175.8989872932434
176.25580286979675
176.5941174030304
176.86732244491577
177.1740164756775
177.5008738040924
177.7998206615448
178.08627152442932
178.33333444595337
178.66383862495422
178.9578776359558
179.2600975036621
179.60164189338684
179.95749044418335
180.18669819831848
180.43810772895813
180.69324016571045
180.9194278717041
181.16712307929993
181.39854383468628
181.68838572502136
181.90377402305603
182.16412568092346
182.4423840045929
182.71325969696045
182.98675155639648
183.28630781173706
183.7436170578003
184.07144045829773
184.34210443496704
184.63363766670227
184.9279923439026
185.23521518707275
185.5426890850067
185.83393597602844
186.11113953590393
186.40154886245728
186.6896390914917
186.92935800552368
187.152592420578
187.37478828430176
187.61719965934753
187.93365335464478
188.24579524993896
188.54162859916687
188.9288055896759
189.25621342658997
189.57749199867249
189.92044258117676
190.23055791854858
190.5437490940094
190.85884881019592
191.15801191329956
191.45609784126282
191.78288650512695
192.11050653457642
192.4273030757904
192.7677674293518
193.09351658821106
193.40632486343384
193.72355914115906
194.05499863624573
194.40450811386108
194.738698720932
195.0480399131775
195.36204195022583
195.67221450805664
195.96497416496277
196.26443433761597
196.56993174552917
196.88720154762268
197.21171140670776
197.55459332466125
197.88381099700928
198.20746231079102
198.52542281150818
198.8346312046051
199.1021659374237
199.5035879611969
199.80599403381348
200.09956192970276
200.3812654018402
200.74477338790894
201.0781934261322
201.39781546592712
201.70765376091003
202.00477242469788
202.31466460227966
202.6518530845642
203.01147365570068
203.30169105529785
203.6142978668213
203.95600867271423
204.2729754447937
204.59128713607788
204.8884618282318
205.20987010002136
205.54265832901
205.85613656044006
206.16594004631042
206.46639108657837
206.77424240112305
207.08795070648193
207.45328545570374
207.80214190483093
208.1205096244812
208.41129279136658
208.73066401481628
209.05148220062256
209.33908319473267
209.62756323814392
209.914475440979
210.2061893939972
210.51141452789307
210.81299710273743
211.07923364639282
211.32449579238892
211.62871718406677
211.89703035354614
212.16825699806213
212.41664719581604
212.6808819770813
212.93305706977844
213.21891498565674
213.50034189224243
213.78017687797546
214.03250551223755
214.2884018421173
214.51456332206726
214.74829411506653
215.06739592552185
215.3587465286255
215.63914132118225
215.93203043937683
216.24893283843994
216.57311868667603
216.90818905830383
217.2289276123047
217.53063678741455
217.82919144630432
218.13264060020447
218.42223691940308
218.72744798660278
219.00723481178284
219.27082753181458
219.56348514556885
219.8263726234436
220.10911107063293
220.36375522613525
220.64140439033508
220.9352626800537
221.22812581062317
221.5146839618683
221.80754828453064
222.09880876541138
222.4387605190277
222.75985836982727
223.09378933906555
223.4275085926056
223.75891780853271
224.09991598129272
224.46165251731873
224.81383204460144
225.23770713806152
225.5518045425415
225.87784218788147
226.22448253631592
226.5360128879547
226.88763546943665
227.21730971336365
227.59620594978333
227.8827042579651
228.168790102005
228.45752811431885
228.76260352134705
229.0439054965973
229.31368732452393
229.61009216308594
229.8985893726349
230.17755794525146
230.54195308685303
230.87274837493896
231.16672348976135
231.43196415901184
231.74081134796143
231.9790904521942
232.2263147830963
232.48388957977295
232.7534806728363
233.02519702911377
233.3622465133667
233.63445377349854
233.90795302391052
234.1776180267334
234.4430832862854
234.72728562355042
234.98371958732605
235.28203773498535
235.6108033657074
235.89880633354187
236.21448826789856
236.52522110939026
236.84950470924377
237.11319088935852
237.35234832763672
237.61089897155762
237.9361925125122
238.18906259536743
238.44956731796265
238.78918528556824
239.09731149673462
239.42843008041382
239.7151861190796
239.97403955459595
240.26036405563354
240.5994246006012
240.9114212989807
241.15923643112183
241.39053797721863
241.65211701393127
241.89658522605896
242.14341354370117
242.39972734451294
242.6716923713684
242.92713379859924
243.17575788497925
243.54627680778503
243.82394671440125
244.10384488105774
244.3690149784088
244.66970992088318
244.9598479270935
245.21376967430115
245.4780147075653
245.72705101966858
246.03809595108032
246.31337022781372
246.50992703437805
246.6942319869995
246.8856120109558
247.0725977420807
247.21053099632263
247.3515808582306
247.48283886909485
247.62228226661682
247.76787543296814
247.93834590911865
248.10700178146362
248.24431991577148
248.3807144165039
248.51534461975098
248.65523767471313
248.78395986557007
248.929518699646
249.06481432914734
249.18937063217163
249.36584186553955
249.52718567848206
249.66816329956055
249.8000087738037
249.94130539894104
250.08121013641357
250.22419357299805
250.35976815223694
250.4906988143921
250.63091850280762
250.783465385437
250.9232120513916
251.05207991600037
251.18441653251648
251.31986570358276
251.45269465446472
251.5770721435547
251.71858382225037
251.84971284866333
251.98482513427734
252.10818815231323
252.29684591293335
252.55707454681396
252.8417685031891
253.1372365951538
253.43383646011353
253.7222764492035
253.9913411140442
254.28108263015747
254.55340027809143
254.74263048171997
254.93593645095825
255.22768664360046
255.56549072265625
255.86128211021423
256.17077827453613
256.43084836006165
256.84108996391296
257.20490169525146
257.57336688041687
257.8132269382477
258.1065580844879
258.34230518341064
258.599986076355
258.83674001693726
259.1025950908661
259.3457717895508
259.5837802886963
259.82599115371704
260.08989691734314
260.37857151031494
260.70364141464233
261.1140477657318
261.41347217559814
261.6123549938202
261.8167929649353
262.0196621417999
262.2347455024719
262.4389419555664
262.69223952293396
262.8967342376709
263.11444568634033
263.3088767528534
263.5240750312805
263.72232151031494
263.9195158481598
264.1196506023407
264.3349826335907
264.58718395233154
264.8260371685028
265.04699444770813
265.2700545787811
265.47638511657715
265.71403646469116
265.929771900177
266.14174365997314
266.4251983165741
266.63944816589355
266.8730399608612
267.1142246723175
267.32853984832764
267.5265848636627
267.74657797813416
267.9678933620453
268.167724609375
268.42884492874146
268.66777873039246
268.8717613220215
269.0647392272949
269.26722288131714
269.47574377059937
269.6781282424927
269.873370885849
270.10727167129517
270.2614538669586
270.3973424434662
270.54955863952637
270.75872015953064
271.07732367515564
271.4028866291046
271.7679879665375
272.15962862968445
272.5303010940552
272.944509267807
273.40515542030334
273.76412892341614
274.05104422569275
274.39730072021484
274.7707369327545
275.10718059539795
275.4633376598358
275.8295328617096
276.1716203689575
276.4985508918762
276.83317971229553
277.1828944683075
277.59051632881165
277.9618821144104
278.3286199569702
278.6634020805359
279.0033631324768
279.32660365104675
279.6480383872986
279.98886609077454
280.31079602241516
280.63066124916077
280.937780380249
281.28746914863586
281.60415410995483
281.8951165676117
282.22338819503784
282.5692067146301
282.94766330718994
283.25706005096436
283.71639037132263
284.03081822395325
284.34975600242615
284.65622758865356
285.0124514102936
285.31309032440186
285.58679270744324
285.87576961517334
286.2201864719391
286.50883746147156
286.79395842552185
287.07768297195435
287.48854994773865
287.8522129058838
288.42164397239685
288.7155051231384
289.02171516418457
289.25617265701294
289.5363886356354
