27.796980142593384
28.220749855041504
28.83619785308838
29.265947580337524
29.7216899394989
30.225928783416748
30.76685357093811
31.175650119781494
31.673845291137695
32.07448220252991
32.42006754875183
32.830838680267334
33.27890729904175
33.70938229560852
34.121055126190186
34.519941329956055
34.96518898010254
35.39742708206177
35.91127133369446
36.35361433029175
36.87016749382019
37.27093482017517
37.70745325088501
38.113701820373535
38.63378190994263
39.042754888534546
39.531208753585815
39.94917702674866
40.40646982192993
40.829893589019775
41.255215883255005
41.710848331451416
42.189244985580444
42.550992488861084
43.080230712890625
43.466261863708496
43.910013914108276
44.2979896068573
44.76799273490906
45.19846200942993
45.618706703186035
46.2054009437561
46.60951232910156
47.068354845047
47.533422231674194
48.021960735321045
48.462209939956665
48.8691828250885
49.362475633621216
49.73751997947693
50.21254801750183
50.70889472961426
51.1700553894043
51.60905313491821
52.06729507446289
52.5021607875824
52.98769521713257
53.37451982498169
53.821368932724
54.23835110664368
54.65530443191528
55.093048095703125
55.53021693229675
55.916850328445435
56.34464073181152
56.71122670173645
57.098758935928345
57.537410259246826
57.94737195968628
58.29282355308533
58.68355393409729
59.11139106750488
59.46758985519409
59.8478889465332
60.18795680999756
60.56306457519531
60.965336084365845
61.402071952819824
61.79025936126709
62.23771572113037
62.59422469139099
63.03619027137756
63.44372010231018
63.85031223297119
64.27971172332764
64.71538639068604
65.11615562438965
65.57734966278076
65.96216464042664
66.37881088256836
66.8124532699585
67.30899381637573
67.72981715202332
68.11955118179321
68.50384283065796
68.8963131904602
69.32055020332336
69.82612633705139
70.15159296989441
70.60126566886902
71.05716156959534
71.44463038444519
71.8926830291748
72.31595921516418
72.79049062728882
73.20002722740173
73.53762602806091
74.01618361473083
74.4352605342865
74.85873413085938
75.20045065879822
75.55163621902466
75.98655581474304
76.45643210411072
76.85895276069641
77.46506857872009
77.81597208976746
78.2168960571289
78.60699796676636
79.0544981956482
79.43706035614014
79.84520244598389
80.25096893310547
80.60099864006042
81.03244638442993
81.47704792022705
81.84799933433533
82.28198862075806
82.6523609161377
83.06032156944275
83.47274971008301
83.8871762752533
84.35184383392334
84.75836682319641
85.22413039207458
85.64786100387573
86.05492234230042
86.53052592277527
86.91321086883545
87.30083870887756
87.70045900344849
88.10918188095093
88.49943137168884
88.86651110649109
89.21886420249939
89.5376877784729
89.86754179000854
90.19447994232178
90.56285309791565
90.87778544425964
91.27369666099548
91.72894763946533
92.1510956287384
92.5979015827179
93.01691508293152
93.37322807312012
93.84740257263184
94.20133876800537
94.52025175094604
94.93695592880249
95.3002564907074
95.83636140823364
96.1886658668518
96.66912961006165
97.11330580711365
97.55181002616882
97.9564483165741
98.37300729751587
98.79068636894226
99.23547434806824
99.68861413002014
100.09135675430298
100.44893670082092
100.95636248588562
101.35727310180664
101.81677508354187
102.25630569458008
102.75611996650696
103.23998427391052
103.64930510520935
104.08119606971741
104.47208833694458
104.91569352149963
105.33899259567261
105.78638052940369
106.23185586929321
106.67686343193054
107.13342547416687
107.56512546539307
108.01852750778198
108.44820880889893
108.96532464027405
109.43950247764587
109.80207061767578
110.26580286026001
110.71523332595825
111.22181677818298
111.63330793380737
112.1223030090332
112.5289933681488
112.94763708114624
113.39781379699707
113.83573246002197
114.1896481513977
114.58938479423523
115.09487891197205
115.5387372970581
116.03558301925659
116.42428183555603
116.8152244091034
117.14822578430176
117.565514087677
117.96867299079895
118.41283988952637
118.85257768630981
119.34171843528748
119.80096006393433
120.21767663955688
120.58806133270264
121.0617573261261
121.4683210849762
121.97653770446777
122.40803718566895
122.9126808643341
123.30224633216858
123.75420188903809
124.20449209213257
124.66496276855469
125.11576676368713
125.58059978485107
126.02650046348572
126.38838577270508
126.73478436470032
127.08777928352356
127.4737458229065
127.8898138999939
128.2728796005249
128.68959164619446
129.15030431747437
129.62724471092224
130.11391854286194
130.58747124671936
131.0214238166809
131.4606227874756
131.91497015953064
132.34905123710632
132.80581974983215
133.26992416381836
133.76059937477112
134.22495460510254
134.651700258255
135.07109689712524
135.47109365463257
135.88481831550598
136.3330533504486
136.73295426368713
137.18709087371826
137.64127898216248
138.04303169250488
138.51687145233154
139.02171730995178
139.42539525032043
139.88385581970215
140.3390564918518
140.75412797927856
141.21055006980896
141.59279370307922
142.10948610305786
142.48828721046448
142.92491722106934
143.3105330467224
143.68510961532593
144.0618007183075
144.52028727531433
144.93353414535522
145.3793225288391
145.81217098236084
146.28414368629456
146.70736455917358
147.12515306472778
147.54103755950928
147.98040008544922
148.3673541545868
148.78356075286865
149.24178409576416
149.67140102386475
150.0382649898529
150.46706676483154
150.873459815979
151.35176706314087
151.77355670928955
152.23005390167236
152.70498204231262
153.08275485038757
153.4696307182312
153.9061357975006
154.36888980865479
154.7722864151001
155.2327218055725
155.6379063129425
156.0215618610382
156.52927374839783
157.01696848869324
157.46301198005676
157.90080451965332
158.36259174346924
158.7933793067932
159.2453818321228
159.6415617465973
160.0865774154663
160.4976043701172
160.8899691104889
161.9012336730957
162.34134888648987
162.78069972991943
163.2137267589569
163.6192762851715
164.10953521728516
164.67651510238647
165.08147025108337
165.57350826263428
166.0178689956665
166.50512433052063
166.98989295959473
167.40894532203674
167.86046171188354
168.3011405467987
168.79469680786133
169.2990803718567
169.74485635757446
170.212828874588
170.67031717300415
171.1218502521515
171.6033718585968
172.08325362205505
172.61922955513
173.06518125534058
173.50824904441833
173.99110865592957
174.40836215019226
174.9171667098999
175.36406874656677
175.9033236503601
176.3508710861206
176.7802996635437
177.24400424957275
177.71198439598083
178.17811155319214
178.60274529457092
179.0845823287964
179.54343128204346
180.00005340576172
180.48202562332153
180.8869571685791
181.33830547332764
181.67462944984436
182.07190537452698
182.40481996536255
182.83266043663025
183.2242910861969
183.6535301208496
184.08053946495056
184.50364661216736
184.9222068786621
185.31878876686096
185.75069403648376
186.2996826171875
186.72297358512878
187.21412229537964
187.64843130111694
188.1424593925476
188.56928133964539
189.06405115127563
189.40055441856384
189.78511691093445
190.14948797225952
190.61819100379944
191.0384645462036
191.48522520065308
191.93807721138
192.27378106117249
192.6049153804779
193.07150149345398
193.41840744018555
193.86017513275146
194.29765915870667
194.75244975090027
195.23378610610962
195.73303174972534
196.1969153881073
196.72936820983887
197.2380621433258
197.7584273815155
198.20815253257751
198.6005413532257
198.92886209487915
199.3081259727478
199.70441317558289
200.0932173728943
200.60010170936584
201.07459139823914
201.49166631698608
201.83531284332275
202.27925324440002
202.7651150226593
203.18848967552185
203.59523272514343
204.04795289039612
204.67430758476257
205.06847548484802
205.46748900413513
205.83840560913086
206.21339297294617
206.66713213920593
207.1291766166687
207.54637670516968
207.9283082485199
208.33899402618408
208.78491878509521
209.2783646583557
209.7164273262024
210.07375049591064
210.4377417564392
210.8723018169403
211.2978093624115
211.7709264755249
212.2271387577057
212.62095856666565
213.1251060962677
213.53960466384888
213.9531695842743
214.38153529167175
214.7653911113739
215.1578230857849
215.56019067764282
216.0403232574463
216.50551080703735
216.9051387310028
217.4053440093994
217.83924198150635
218.2595808506012
218.7527997493744
219.20145082473755
219.70394468307495
220.16687417030334
220.61611986160278
221.0841097831726
221.48636317253113
221.97325730323792
222.35099625587463
222.74970054626465
223.14643049240112
223.58884286880493
224.08515882492065
224.63767743110657
225.09633493423462
225.5436351299286
226.02533531188965
226.37282466888428
226.72988080978394
227.08263874053955
227.44899559020996
227.8309338092804
228.20513534545898
228.66551780700684
229.07589149475098
229.52494740486145
229.9367277622223
230.33497309684753
230.92993259429932
231.46202039718628
231.99880981445312
232.49939942359924
232.93534302711487
233.3875026702881
233.7954044342041
234.28267741203308
234.74331283569336
235.2327139377594
235.65428924560547
236.05735111236572
236.52062487602234
236.97689247131348
237.39555740356445
237.89148998260498
238.31640434265137
238.69659614562988
239.09064173698425
239.57762694358826
240.0214672088623
240.49352860450745
240.98315739631653
241.52901434898376
241.97829341888428
242.39204740524292
242.819997549057
243.30819535255432
243.74505186080933
244.11691451072693
244.52160024642944
244.90576219558716
