29.443729639053345
30.11375403404236
30.633205890655518
31.328508138656616
33.08825349807739
33.997143030166626
35.98295044898987
36.54622983932495
37.11820602416992
39.38436532020569
39.98922657966614
40.59849214553833
41.20544910430908
41.86131238937378
42.44390535354614
42.99695181846619
43.58191204071045
44.19104194641113
44.75587463378906
45.39073824882507
45.975743532180786
46.527368783950806
47.17379140853882
47.817434310913086
48.38629102706909
48.99605464935303
49.6356737613678
50.225868701934814
50.849353313446045
51.47398638725281
52.07640242576599
52.90580749511719
53.630080461502075
54.41412830352783
55.16015291213989
55.778008460998535
56.5284309387207
57.12208032608032
57.82029628753662
58.50344395637512
59.116588830947876
61.276827335357666
61.83923053741455
62.45882248878479
62.98823094367981
63.58165526390076
64.05799794197083
64.59023976325989
65.07183456420898
65.64381337165833
66.39962077140808
66.97659707069397
67.49174237251282
68.07208395004272
68.64788794517517
69.26698541641235
69.97025442123413
70.57629108428955
71.18013024330139
71.92913770675659
72.56964421272278
73.23057556152344
73.78291511535645
74.39601635932922
74.92265486717224
75.53426933288574
76.32745957374573
76.89492082595825
78.77896881103516
79.43222546577454
80.1241021156311
80.89066672325134
81.60205292701721
82.365567445755
83.05023193359375
83.61594319343567
84.36770677566528
85.24685764312744
85.8527820110321
86.42540454864502
87.01426839828491
87.68310904502869
88.19880032539368
88.73240160942078
89.43493676185608
90.02890300750732
90.70619106292725
91.21350622177124
91.86827516555786
92.45859694480896
93.1376941204071
93.72804141044617
94.3572928905487
95.29888391494751
95.97503614425659
96.49615740776062
97.0845034122467
97.75098752975464
98.33115363121033
98.91247773170471
99.47520875930786
99.99690651893616
100.58948588371277
101.15266680717468
101.77341532707214
102.34559321403503
102.96567034721375
103.5347990989685
104.10508632659912
104.73715376853943
105.34051704406738
105.97098588943481
106.66237473487854
107.94511818885803
108.41818356513977
109.0263409614563
109.66228199005127
110.21276187896729
110.84118032455444
111.48279619216919
112.11027193069458
112.67042827606201
113.25196075439453
113.8221983909607
114.38413643836975
114.98279857635498
115.57316374778748
116.17697644233704
116.79550790786743
117.36311650276184
117.93480443954468
118.5487654209137
119.08880805969238
119.695228099823
120.25167036056519
120.83987140655518
121.43854689598083
121.9563159942627
122.5090389251709
123.10288262367249
123.66218185424805
124.24769496917725
124.85117173194885
125.40747332572937
125.97317242622375
126.54863023757935
127.14471697807312
127.69389390945435
128.25945520401
128.82181215286255
129.5883505344391
130.14499163627625
130.80267190933228
131.35912346839905
131.9442858695984
132.50782465934753
133.1140582561493
133.84422636032104
134.49088621139526
135.0657138824463
135.69815492630005
136.33485627174377
136.98726630210876
137.57426834106445
138.1790668964386
138.85743260383606
139.45740842819214
140.06916666030884
140.8203420639038
141.40374612808228
141.96560263633728
142.5917911529541
143.12898230552673
143.86089730262756
144.4452109336853
145.01656198501587
145.59919667243958
146.21869730949402
146.7583634853363
147.3490240573883
147.8508505821228
148.46072578430176
149.03170323371887
149.58581709861755
150.23241209983826
150.85720133781433
151.44818091392517
152.00343465805054
152.58537602424622
153.16758680343628
153.7304916381836
154.30745673179626
154.87949395179749
155.38553547859192
156.7438678741455
158.59734749794006
159.3478443622589
159.9100694656372
160.53453421592712
161.076833486557
161.62532782554626
162.15507793426514
163.12215113639832
163.60520720481873
164.185861825943
165.1817750930786
165.80252742767334
166.46333289146423
167.16602039337158
167.77661800384521
168.3854775428772
168.9064633846283
169.40869426727295
169.9890058040619
170.56708550453186
171.1078941822052
171.6446750164032
172.21818470954895
172.86155462265015
173.49816274642944
174.06350874900818
174.66341710090637
175.21973204612732
175.8050787448883
176.302885055542
176.87001490592957
177.38863015174866
178.60625219345093
179.14961457252502
179.74620413780212
180.41995573043823
181.0488624572754
181.61070942878723
182.24290871620178
182.80144119262695
183.34365701675415
184.01956582069397
184.54496264457703
185.1484386920929
185.73887991905212
186.4130871295929
186.9114556312561
187.6371991634369
188.68938851356506
189.21611738204956
189.79492712020874
190.4332447052002
191.93163681030273
192.19733929634094
192.8498067855835
193.49823093414307
194.13049912452698
194.76273775100708
195.49263620376587
196.64160060882568
197.24854636192322
198.7911787033081
199.19190216064453
199.9114601612091
200.59619665145874
201.41255688667297
202.09457874298096
202.79018115997314
203.43065690994263
204.0693678855896
204.66056990623474
205.26824498176575
205.89163899421692
206.42282629013062
207.05886030197144
207.6398572921753
208.21888256072998
208.85501337051392
209.48863911628723
210.10193586349487
210.73074865341187
211.41441345214844
212.05735158920288
212.69323754310608
213.22771501541138
213.74251770973206
214.31231212615967
214.93147826194763
215.53096532821655
216.18198347091675
216.8365228176117
217.53746962547302
218.1658959388733
218.7825586795807
219.48928427696228
220.13634705543518
220.8307831287384
221.47324776649475
222.1485035419464
222.7271203994751
223.43566584587097
224.1652958393097
224.87163257598877
225.53488278388977
226.264568567276
226.84482431411743
227.47854733467102
228.27871990203857
228.9837682247162
229.67493295669556
230.24456977844238
230.9781150817871
231.5394892692566
232.22379565238953
232.8279526233673
233.39845418930054
234.08716487884521
234.6889500617981
235.24968194961548
235.771381855011
236.35380125045776
237.01864647865295
237.64284539222717
238.2021768093109
238.8154354095459
239.41885781288147
240.00181484222412
240.57818055152893
241.30858039855957
241.91875410079956
242.54857349395752
243.1898729801178
243.85497760772705
244.61311984062195
245.3120288848877
245.92685508728027
246.51455521583557
247.13661551475525
247.72810626029968
248.34002423286438
248.99596500396729
249.71002292633057
250.27937531471252
250.9256615638733
251.6521234512329
252.30364775657654
252.92626690864563
253.58113884925842
254.51012659072876
255.2520785331726
255.91347813606262
256.5621654987335
257.16144919395447
257.720986366272
258.40953493118286
259.019656419754
259.5421464443207
260.1312155723572
260.7186632156372
261.272465467453
261.7967121601105
262.34022879600525
262.9750349521637
263.6519556045532
264.3299448490143
264.94110321998596
265.60171270370483
266.21609568595886
266.89601254463196
267.59856057167053
268.2389736175537
268.9311707019806
269.6068367958069
270.18660283088684
270.76763129234314
271.3725562095642
272.1679677963257
272.8904092311859
273.61280250549316
274.5381290912628
275.26766324043274
276.8955373764038
277.5090787410736
278.15719628334045
278.7820055484772
279.3872101306915
280.0601933002472
280.62936997413635
281.2823085784912
281.8658621311188
282.49361205101013
283.16526055336
283.7131259441376
284.28829193115234
284.9050672054291
285.52218294143677
286.18919587135315
286.8478887081146
287.4123902320862
288.02960109710693
288.65952038764954
289.3598873615265
289.8955385684967
290.4510464668274
291.06622552871704
291.6409523487091
292.21448588371277
292.7123076915741
293.3162474632263
293.8667757511139
294.6031677722931
295.38498091697693
295.9455568790436
296.52056097984314
297.10056495666504
297.9400463104248
298.5245096683502
299.06121039390564
299.6789870262146
300.3488869667053
300.9133565425873
301.5538001060486
302.19148778915405
302.7808401584625
303.3523209095001
303.90255665779114
304.6076111793518
305.1464841365814
305.7756721973419
306.39306473731995
306.99224877357483
307.54862999916077
308.2267918586731
308.790376663208
309.40607047080994
310.01845359802246
310.6831259727478
311.3957712650299
312.0802731513977
312.74925112724304
313.3484663963318
313.97166895866394
314.54537057876587
315.13611102104187
315.8024871349335
316.49873185157776
317.1406981945038
317.89707589149475
318.8474700450897
319.4286615848541
320.0638737678528
320.7408335208893
321.35836482048035
322.0674262046814
322.8778419494629
323.4444990158081
324.12601232528687
324.6762318611145
325.3406558036804
326.06254053115845
326.658260345459
328.05130100250244
329.01746702194214
329.8005654811859
330.40609073638916
331.0930206775665
331.71037459373474
332.28754353523254
332.92224049568176
333.8088915348053
334.5073974132538
335.7346348762512
336.33513045310974
336.93906140327454
337.6032919883728
338.20938658714294
338.849534034729
339.4305028915405
340.05672430992126
340.71732902526855
341.41708421707153
342.089830160141
342.7926058769226
343.4272270202637
344.3950002193451
345.10683584213257
345.7401762008667
346.4527244567871
347.0258502960205
347.63458585739136
348.2563531398773
348.92064785957336
349.58536195755005
350.37733364105225
350.99686431884766
351.74552297592163
352.3270015716553
353.03758788108826
353.70559787750244
354.44532775878906
355.0217459201813
355.6181676387787
356.2624845504761
356.83904480934143
357.508935213089
358.0924174785614
358.7701048851013
359.54628467559814
360.3501808643341
361.05702328681946
361.925657749176
362.60608863830566
363.19457268714905
363.87033224105835
364.477911233902
365.07083535194397
365.7407977581024
366.3421456813812
366.9476728439331
367.6141622066498
368.20189142227173
368.86349606513977
369.4517059326172
370.10705637931824
370.66141152381897
371.25938272476196
371.9363272190094
372.5756416320801
373.19422912597656
373.84878420829773
374.43667936325073
375.00697135925293
375.70488953590393
376.305860042572
376.9534146785736
377.6462821960449
378.2444338798523
379.09440565109253
379.72346591949463
380.4189145565033
381.07366490364075
381.7068192958832
382.41120862960815
383.0670704841614
383.7691423892975
384.35493183135986
385.1572091579437
385.8733580112457
386.41920590400696
387.0694947242737
387.6807825565338
388.29640078544617
389.04151940345764
389.8302607536316
390.56090474128723
391.2342278957367
391.8811275959015
392.58425188064575
393.345174074173
394.0363404750824
394.77463483810425
395.44121193885803
395.99624133110046
396.6688508987427
397.29736828804016
397.89654517173767
398.4621059894562
399.387166261673
400.06040024757385
400.8224129676819
401.511901140213
402.11642599105835
402.73451566696167
403.44926047325134
404.0925486087799
404.9767508506775
406.15064334869385
406.7495393753052
407.4523572921753
408.173620223999
408.86107444763184
409.514963388443
410.2026219367981
410.8901295661926
411.692587852478
412.3979923725128
413.27037739753723
413.9949426651001
414.7437105178833
415.3325517177582
415.98523354530334
416.6517000198364
417.47716784477234
418.12430357933044
418.768089056015
419.46304297447205
420.15872716903687
420.8214650154114
421.53628301620483
422.3597915172577
422.9138159751892
423.7537696361542
424.45434165000916
425.0383939743042
425.62736344337463
426.35412192344666
426.9196603298187
427.5274872779846
428.2060227394104
428.89459800720215
429.5040409564972
430.16882729530334
430.8881814479828
431.4546971321106
432.11888217926025
432.76376962661743
433.5037908554077
434.1908338069916
434.83202958106995
435.49903869628906
436.0061585903168
436.6385340690613
437.3170475959778
437.95622730255127
438.50424456596375
439.0925145149231
439.67400789260864
440.3818099498749
441.05770206451416
441.67405676841736
442.3801190853119
443.0301218032837
443.63677287101746
444.2310621738434
444.8117926120758
445.48174834251404
446.16348004341125
446.7933051586151
447.34493923187256
448.07627868652344
448.73979234695435
449.37840509414673
449.96974992752075
450.48314595222473
451.0558638572693
451.6130313873291
452.1815674304962
452.8200581073761
453.51743388175964
454.2060673236847
454.7794575691223
455.37459111213684
455.9958426952362
456.5280785560608
457.26390528678894
457.8172028064728
458.50331234931946
459.1251745223999
459.7602570056915
460.37765288352966
460.9726812839508
461.62884521484375
462.20977091789246
462.8181083202362
463.4805793762207
464.08797669410706
464.73494577407837
465.4262783527374
466.04121828079224
466.61365151405334
467.27718567848206
467.8610541820526
468.4285078048706
468.9702458381653
469.6115972995758
470.232381105423
471.0283434391022
471.9326388835907
472.4768602848053
473.11996483802795
473.6948137283325
474.3530185222626
475.0564122200012
475.70972752571106
476.3054027557373
476.87793374061584
477.46294140815735
478.1315414905548
478.743451833725
479.36967372894287
480.10138845443726
480.7284142971039
481.4458134174347
482.1253821849823
482.84754061698914
483.30319333076477
484.100798368454
484.77269315719604
485.4101951122284
485.9812259674072
486.57042956352234
487.1568055152893
487.8489716053009
488.6442368030548
489.7759304046631
490.3828082084656
491.0716075897217
491.7828252315521
492.6142601966858
493.61415004730225
494.21926832199097
494.94422698020935
495.6117618083954
496.26432156562805
496.97440910339355
497.6317729949951
499.50119161605835
500.54090881347656
501.4041335582733
502.0710680484772
502.8733985424042
503.63758277893066
504.28459119796753
504.9494562149048
505.5729515552521
506.2300157546997
506.8180956840515
507.49454951286316
508.31765031814575
508.95512866973877
509.5523633956909
510.3686285018921
511.10098528862
511.86877846717834
512.5499172210693
513.1186838150024
514.1346426010132
515.1568353176117
515.8554124832153
516.4021439552307
517.078138589859
517.662339925766
518.4657354354858
519.0600504875183
519.7909779548645
520.2994697093964
520.967693567276
521.5901155471802
522.2306389808655
522.8371300697327
523.4816834926605
524.3665635585785
525.0249874591827
525.6229672431946
526.2529413700104
526.906236410141
527.4739384651184
528.2781689167023
528.926691532135
529.6468937397003
530.4025311470032
531.0127553939819
531.7647795677185
533.1172471046448
533.701583147049
534.319051027298
535.0805087089539
535.6717417240143
536.440586566925
537.094352722168
537.6941559314728
538.584846496582
539.654011964798
540.3170027732849
541.235673904419
541.9608407020569
542.6160249710083
543.2573606967926
543.8308939933777
544.4556710720062
545.0926556587219
545.8224258422852
546.4564762115479
547.1511044502258
547.9636793136597
548.6458468437195
549.3695719242096
549.9872009754181
550.6810998916626
551.3671188354492
551.9460756778717
554.0852210521698
554.760157585144
555.515786409378
556.3115744590759
557.0629525184631
559.2879796028137
560.0313675403595
560.7340066432953
561.378232717514
562.2107360363007
563.2136950492859
564.1649496555328
564.8908944129944
565.7122578620911
566.3755748271942
567.0084998607635
567.6672713756561
568.2584731578827
569.0103538036346
569.7333574295044
570.4210860729218
571.0405588150024
571.7208261489868
572.3768193721771
573.0003771781921
573.652973651886
574.4970190525055
575.1590383052826
575.7936134338379
576.5078775882721
577.1958575248718
577.9323797225952
578.4173867702484
579.0364940166473
579.6666531562805
580.6679425239563
581.6205022335052
582.290589094162
583.2886981964111
584.0019075870514
584.6780872344971
585.3167173862457
585.9450249671936
586.5601196289062
587.2592506408691
587.9979207515717
588.8100814819336
