27.793781042099
28.39151096343994
28.62091898918152
28.854742288589478
29.63576340675354
29.911619186401367
30.144296884536743
30.40696120262146
30.693635940551758
30.96820306777954
31.321235179901123
31.628319263458252
31.878961324691772
32.13440799713135
32.40642476081848
32.68456149101257
32.950414419174194
33.18631172180176
33.43804049491882
33.77228808403015
34.056050539016724
34.35643815994263
34.66134071350098
34.90135741233826
35.19836711883545
35.62144064903259
35.973668575286865
36.24135971069336
36.58665466308594
36.87198209762573
37.144354581832886
37.43692088127136
37.74713468551636
38.025245904922485
38.32784032821655
38.58385515213013
38.82553434371948
39.05374765396118
39.27474784851074
39.53689765930176
39.87869906425476
40.20256018638611
40.52058696746826
40.85547924041748
41.19641971588135
41.63107442855835
41.98690748214722
42.30286741256714
42.6443932056427
42.9263072013855
43.19492292404175
43.52457118034363
43.848244428634644
44.17883515357971
44.572930335998535
45.0994074344635
45.356937408447266
45.68990087509155
45.92912721633911
46.217628717422485
46.521642446517944
46.800246238708496
47.056427240371704
47.36416983604431
47.660995960235596
48.14717721939087
48.43895387649536
48.75302815437317
49.07310128211975
49.369527101516724
49.62138056755066
49.81294846534729
50.09346342086792
50.59133791923523
51.09888505935669
52.87186646461487
53.38293933868408
54.10454535484314
54.36319327354431
54.85800337791443
55.11857199668884
55.34754538536072
55.58789348602295
55.79989409446716
56.11561727523804
56.36196446418762
56.61920142173767
56.90426850318909
57.17283272743225
57.41110801696777
57.78016924858093
58.048890113830566
58.310667753219604
58.57734203338623
58.83824324607849
59.09654498100281
59.34935116767883
59.620558977127075
59.90811848640442
60.212568044662476
60.49293518066406
60.77194666862488
61.04393291473389
61.349735736846924
61.67096948623657
61.94215512275696
62.246164321899414
62.52708554267883
62.83067345619202
63.114017486572266
63.35813093185425
63.61774182319641
63.89222550392151
64.15085697174072
64.43863272666931
64.72178220748901
64.9868552684784
65.25739884376526
65.57222414016724
65.91836714744568
66.20961689949036
66.53320670127869
66.73561573028564
66.9300856590271
67.14016127586365
67.32237815856934
67.810861825943
68.05686354637146
68.50263547897339
69.1911027431488
69.45669794082642
69.76077961921692
70.02381467819214
70.29491353034973
70.56875491142273
70.83858442306519
71.1225380897522
71.39485502243042
71.66524958610535
71.93108701705933
72.21150064468384
72.47995281219482
72.74772810935974
73.03051233291626
73.30312919616699
73.59663128852844
73.86453676223755
74.13139772415161
74.4207911491394
74.67967510223389
74.96776938438416
75.2442376613617
75.50869131088257
75.78815603256226
76.08121347427368
76.36104488372803
76.63602256774902
76.91892099380493
77.21651315689087
77.5134072303772
77.95486354827881
78.29398608207703
78.53047800064087
78.76486110687256
79.01352000236511
79.28005981445312
79.51159381866455
79.761150598526
80.01079678535461
80.33306455612183
80.67162799835205
80.9412157535553
81.22916841506958
81.53279542922974
81.77951264381409
82.01013350486755
82.30526566505432
82.64084529876709
82.90830254554749
83.17883777618408
83.46627259254456
83.7504198551178
84.04530215263367
84.35497617721558
84.6625235080719
84.95736384391785
85.28322386741638
85.61191868782043
85.92467021942139
86.22765636444092
86.48983144760132
86.83254742622375
87.27287077903748
87.5734224319458
87.91315364837646
88.19232535362244
88.49855351448059
88.77126407623291
89.0563862323761
89.34987545013428
89.66904783248901
89.95902609825134
90.23749375343323
90.51593518257141
90.80931115150452
91.09888172149658
91.37863421440125
91.69353675842285
91.98057246208191
92.28653764724731
92.59529685974121
92.90087127685547
93.34262275695801
93.63965821266174
93.95650482177734
94.2636947631836
94.58873105049133
94.87070798873901
95.17941331863403
95.50488328933716
95.83302474021912
96.09877729415894
96.3779501914978
96.65613722801208
96.92941355705261
97.12914872169495
97.3527307510376
97.56679272651672
97.7768623828888
97.99303603172302
98.1951961517334
98.40718388557434
98.62475752830505
98.83393716812134
99.02907109260559
99.22238254547119
99.41494059562683
99.77185726165771
100.10111713409424
100.39427042007446
100.66515946388245
100.91457891464233
101.2181465625763
101.55025267601013
101.82687377929688
102.09912347793579
102.40334296226501
102.65956449508667
102.91632914543152
103.17242789268494
103.4313895702362
103.75311064720154
104.00561046600342
104.25509309768677
104.52655148506165
104.77835965156555
105.0380072593689
105.30207228660583
105.6123743057251
105.92137265205383
106.19536662101746
106.44358587265015
106.71785497665405
106.97506833076477
107.24028134346008
107.49988770484924
107.75082492828369
108.01877403259277
108.2806887626648
108.53911471366882
108.83484196662903
109.08120584487915
109.38001036643982
109.62966966629028
109.87362098693848
110.14397859573364
110.44916987419128
110.72627639770508
111.00194382667542
111.27435946464539
111.56255722045898
111.84553146362305
112.15610957145691
112.49130177497864
112.84412360191345
113.19343972206116
113.50134539604187
113.82582807540894
114.1666932106018
114.45933508872986
114.83546924591064
115.16009831428528
115.5102436542511
115.79964542388916
116.1762421131134
116.5127923488617
116.90834736824036
117.24140667915344
117.62343001365662
118.15033602714539
118.51870036125183
118.84139513969421
119.21430039405823
119.52592062950134
119.80628275871277
120.136634349823
120.49612402915955
120.85516858100891
121.22473096847534
121.78573322296143
122.20637559890747
122.54472804069519
122.87147498130798
123.15879273414612
123.56098771095276
123.89184236526489
124.25447082519531
124.59125900268555
124.93474578857422
125.25642085075378
125.58534359931946
125.89055013656616
126.23985505104065
126.72768950462341
127.04304552078247
127.36547827720642
127.66667556762695
127.93701887130737
128.20842242240906
128.4178488254547
128.60132932662964
128.82542538642883
129.02226567268372
129.23454809188843
129.46033906936646
129.69006061553955
129.91335940361023
130.12518692016602
130.33829641342163
130.65823793411255
130.93287086486816
131.20902729034424
131.47422766685486
131.7421429157257
132.07330298423767
132.35060811042786
132.62407684326172
132.8874819278717
133.13365030288696
133.39165616035461
133.65648818016052
133.9367036819458
134.23888492584229
134.55344343185425
134.81672620773315
135.1307864189148
135.41658210754395
135.64997029304504
135.90667748451233
136.2218062877655
136.50625896453857
136.78372621536255
137.05594110488892
137.36544036865234
137.66068124771118
138.0177607536316
138.32976818084717
138.64685821533203
138.9589946269989
139.27690267562866
139.71276545524597
139.97351169586182
140.26492023468018
140.63019323349
140.9517116546631
141.25537753105164
141.57712388038635
141.8791127204895
142.198481798172
142.51435804367065
142.82407140731812
143.03582334518433
143.3068664073944
143.5458061695099
143.8205988407135
144.1455957889557
144.48966598510742
144.8758692741394
145.17791032791138
145.67080855369568
146.00311589241028
146.33586597442627
146.68019247055054
146.99339866638184
147.3119113445282
147.64258432388306
147.9740924835205
148.28823828697205
148.5616579055786
148.83984565734863
149.12862372398376
149.5105311870575
149.8226568698883
150.09645628929138
150.4232680797577
150.68637681007385
150.92281866073608
151.242506980896
151.62096738815308
151.9416320323944
152.2902705669403
152.58858609199524
152.8893747329712
153.16778564453125
153.45023345947266
153.7401523590088
153.99598622322083
154.26981687545776
154.5302538871765
155.23226189613342
155.56879997253418
155.90255451202393
156.25370359420776
156.653058052063
156.930645942688
157.23051929473877
157.56279969215393
157.91999292373657
158.2958643436432
158.6249167919159
158.96923232078552
159.30949354171753
159.63718271255493
159.96698141098022
160.33770108222961
160.629741191864
160.9177691936493
161.48791933059692
161.8854923248291
162.23629069328308
162.69080758094788
163.13239192962646
163.41170692443848
163.845805644989
164.25448441505432
164.60005235671997
164.8457555770874
165.11042094230652
165.4121105670929
165.78134489059448
166.21411538124084
166.60127806663513
166.94892287254333
167.2748806476593
167.58470392227173
167.8114857673645
168.03101420402527