27.12969398498535
27.62008500099182
27.86230444908142
28.189998149871826
28.435827255249023
28.71794867515564
29.08500361442566
29.33526372909546
29.585764408111572
29.8391432762146
30.087727785110474
30.3007333278656
30.516279458999634
31.164238452911377
31.378209114074707
31.598355770111084
31.877949953079224
32.114415884017944
32.35434055328369
32.61807107925415
32.86086702346802
33.102097511291504
33.32991099357605
33.58610463142395
33.78941059112549
34.013731956481934
34.24878787994385
34.485175371170044
34.73985934257507
35.00381541252136
35.276506662368774
35.529566049575806
35.82821583747864
36.077433347702026
36.40050172805786
36.64179468154907
36.83484220504761
37.02582025527954
37.22429275512695
37.533626317977905
37.79684615135193
38.28992819786072
38.51121258735657
38.7486469745636
39.04189729690552
39.291136026382446
39.52119517326355
39.76148843765259
40.06166934967041
40.360814332962036
40.63350820541382
40.96452355384827
41.23071026802063
41.4751935005188
41.85944676399231
42.13935470581055
42.43353772163391
42.73499608039856
42.998358488082886
43.23783802986145
43.50491786003113
45.86576843261719
46.38295531272888
46.62555813789368
46.972771644592285
47.21980333328247
47.45479917526245
47.74149489402771
47.98454999923706
48.24761343002319
48.535823345184326
48.75321292877197
49.018975496292114
49.29775023460388
49.622312784194946
49.8763587474823
50.11358284950256
50.39369440078735
50.63925862312317
50.91288685798645
51.17478084564209
51.456493854522705
51.71680974960327
51.958529472351074
52.217926263809204
52.46994757652283
52.7166862487793
52.96382761001587
53.198917865753174
53.44858169555664
53.683350801467896
53.943199157714844
54.2422251701355
54.487842082977295
54.73668909072876
55.009379386901855
55.268160343170166
55.51510953903198
55.74821472167969
56.08849334716797
56.361048221588135
56.70343995094299
56.96272087097168
57.225839138031006
57.5548996925354
57.800042390823364
58.03625798225403
58.26983070373535
58.55027961730957
58.80651879310608
59.06814098358154
59.28763794898987
59.542165756225586
59.844226360321045
60.14508867263794
60.42338943481445
60.67547392845154
60.98663663864136
61.26364231109619
61.508843421936035
61.87398886680603
62.116485834121704
62.374309062957764
62.65808153152466
62.934393882751465
63.248244524002075
63.556225538253784
63.83778262138367
64.09359693527222
64.36450409889221
64.59588193893433
64.77826929092407
65.08969116210938
65.34083080291748
65.60377788543701
65.87953782081604
66.14467430114746
66.43545174598694
66.72046136856079
67.04823303222656
67.30469989776611
67.58314657211304
67.870924949646
68.14815187454224
68.41954588890076
68.69247460365295
68.97993993759155
69.2367753982544
69.55019211769104
69.80208206176758
70.02919578552246
70.26369094848633
70.58759689331055
70.88726449012756
71.1874749660492
71.4689826965332
71.7644739151001
72.07849717140198
72.39773368835449
72.60264277458191
72.87415170669556
73.1669135093689
73.40145945549011
73.64737010002136
73.88682913780212
74.24346375465393
74.54761719703674
74.81069469451904
75.11855983734131
75.39123558998108
75.66159462928772
75.9440598487854
76.20223927497864
76.50446557998657
76.78228783607483
77.02787446975708
77.18951559066772
77.30793833732605
77.39565348625183
77.47651767730713
77.56025910377502
77.69077110290527
78.02107787132263
78.31831312179565
78.65921068191528
78.94232034683228
79.23067545890808
79.53851771354675
79.79932355880737
80.0595154762268
80.30128741264343
80.60171318054199
80.89298129081726
81.14884614944458
81.45756816864014
81.72670936584473
82.02571892738342
82.35705900192261
82.71176767349243
83.01361632347107
83.30982303619385
83.63126564025879
83.92890858650208
84.21318244934082
84.47206664085388
84.79835653305054
85.05667090415955
85.32440066337585
85.57224464416504
85.82209992408752
86.01569867134094
86.23896288871765
86.40719223022461
86.57167673110962
86.72521710395813
86.87575554847717
87.02055859565735
87.2054123878479
87.44453525543213
87.81760597229004
88.1545717716217
88.42534065246582
88.68051552772522
88.96280479431152
89.24554514884949
89.53217554092407
89.88791823387146
90.1510808467865
90.65357327461243
90.94323420524597
91.24499845504761
91.74114513397217
92.04376983642578
92.35853695869446
92.70372152328491
93.02386379241943
93.32294964790344
93.75715446472168
94.02637839317322
94.25236582756042
94.47617435455322
94.69596409797668
94.92372727394104
95.14924168586731
95.38956260681152
95.70016527175903
95.94149398803711
96.22964930534363
96.52323937416077
96.80848264694214
97.06394410133362
97.26864910125732
97.55390214920044
97.91594409942627
98.22684574127197
98.50792074203491
98.76450181007385
99.06672763824463
99.36785578727722
99.6323721408844
99.87959289550781
100.1315348148346
100.37636971473694
100.69406533241272
101.05542850494385
101.27554559707642
101.54332995414734
101.84694409370422
102.11345672607422
102.38711476325989
102.64399218559265
102.91245698928833
103.1016480922699
103.37584280967712
103.6448106765747
103.91763591766357
104.17163443565369
104.43679332733154
104.7077784538269
104.97146916389465
105.21491527557373
105.44519209861755
105.67141771316528
105.90128087997437
106.0969443321228
106.28067350387573
106.43651747703552
106.5960042476654
106.75159955024719
106.96231627464294
107.22409677505493
107.45745086669922
107.72960758209229
108.01561975479126
108.31408500671387
108.59338808059692
108.89729595184326
109.1493079662323
109.45570611953735
109.84468507766724
110.13813138008118
110.38600301742554
110.6917405128479
110.99734783172607
111.27330136299133
111.5482873916626
111.79458689689636
112.03075933456421
112.27455306053162
112.50342440605164
112.79193019866943
112.986004114151
113.1797661781311
113.39011669158936
113.66596102714539
113.95556426048279
114.1952395439148
114.3832540512085
114.57264876365662
114.75467991828918
114.95757031440735
115.15603113174438
115.398681640625
115.5612440109253
115.69926261901855
115.83804512023926
115.98817777633667
116.11597466468811
116.25801682472229
116.4113564491272
116.55299115180969
116.70131278038025
116.84411549568176
117.00410103797913
117.14952182769775
117.30229711532593
117.45878863334656
117.60603833198547
117.75343918800354
117.90499496459961
118.05739998817444
118.20327973365784
118.35212254524231
118.49670767784119
118.6556146144867
118.813072681427
118.96952629089355
119.13947010040283
119.2965726852417
119.444495677948
119.6269998550415
119.9224636554718
120.25110840797424
120.55201601982117
120.86018443107605
121.12189054489136
121.37577891349792
121.62496376037598
121.83448648452759
122.0927803516388
122.33009171485901
122.56189131736755
122.79950618743896
123.04335427284241
123.34126472473145
123.57208514213562
123.8085298538208
124.08341908454895
124.30896830558777
124.54227590560913
124.82699203491211
125.06302571296692
125.40812230110168
125.6843147277832
125.9662218093872
126.22869110107422
126.50375771522522
126.78019833564758
127.1342842578888
127.40056443214417
127.6711266040802
127.93580460548401
128.2238428592682
128.56087183952332
128.8305630683899
129.1179165840149
129.42895460128784
129.7673101425171
130.05057954788208
130.3643343448639
130.61215019226074
130.88659381866455
131.1941521167755
131.55614972114563
131.85163044929504
132.13003373146057
132.4173390865326
132.68410730361938
132.988609790802
133.2281687259674
133.47506165504456
133.74910640716553
133.98964166641235
134.23644995689392
134.48207926750183
135.82091641426086
136.13884663581848
136.92344784736633
137.1642608642578
137.4596827030182
137.7351496219635
138.12013220787048
138.43076300621033
138.75012469291687
139.0301706790924
139.36613750457764
139.6889717578888
139.99659514427185
140.31530141830444
140.62732243537903
140.9480686187744
141.249263048172
141.58267259597778
141.91749382019043
142.24152183532715
142.55931615829468
142.9726116657257
143.26101636886597
143.5606734752655
143.83952236175537
144.19085216522217
144.4851565361023
144.8022792339325
145.08958888053894
145.35178923606873
145.69900155067444
146.03076839447021
146.36934423446655
146.59723663330078
146.8677921295166
147.11420845985413
147.41037440299988
147.6679027080536
147.94903993606567
148.251957654953
148.5571255683899
148.95329594612122
149.26829624176025
149.5322163105011
150.0610327720642
150.5678734779358
150.96220135688782
151.2423574924469
151.6065285205841
151.89759850502014
152.15514993667603
152.4419026374817
152.7542691230774
153.04421186447144
153.3131685256958
153.60909986495972
153.89149737358093
154.29051685333252
154.6246461868286
154.91995668411255
155.24456191062927
155.55436444282532
155.83831000328064
156.1969006061554
156.50297284126282
156.79366302490234
157.04731249809265
157.30408811569214
157.57011032104492
157.85180521011353
158.14621233940125
158.41430163383484
158.65071177482605
158.97660851478577
159.2575967311859
159.65304684638977
159.99026703834534
160.2601490020752
160.57993245124817
161.15261149406433
161.3981339931488
162.0175552368164
162.38051962852478
162.79483556747437
163.14023280143738
163.46190452575684
163.76528549194336
164.05367803573608
164.41063356399536
164.65463280677795
164.84377908706665
165.06341290473938
165.45418310165405
165.6874327659607
165.99905848503113
166.22346186637878
27.796980142593384
28.220749855041504
28.83619785308838
29.265947580337524
29.7216899394989
30.225928783416748
30.76685357093811
31.175650119781494
31.673845291137695
32.07448220252991
32.42006754875183
32.830838680267334
33.27890729904175
33.70938229560852
34.121055126190186
34.519941329956055
34.96518898010254
35.39742708206177
35.91127133369446
36.35361433029175
36.87016749382019
37.27093482017517
37.70745325088501
38.113701820373535
38.63378190994263
39.042754888534546
39.531208753585815
39.94917702674866
40.40646982192993
40.829893589019775
41.255215883255005
41.710848331451416
42.189244985580444
42.550992488861084
43.080230712890625
43.466261863708496
43.910013914108276
44.2979896068573
44.76799273490906
45.19846200942993
45.618706703186035
46.2054009437561
46.60951232910156
47.068354845047
47.533422231674194
48.021960735321045
48.462209939956665
48.8691828250885
49.362475633621216
49.73751997947693
50.21254801750183
50.70889472961426
51.1700553894043
51.60905313491821
52.06729507446289
52.5021607875824
52.98769521713257
53.37451982498169
53.821368932724
54.23835110664368
54.65530443191528
55.093048095703125
55.53021693229675
55.916850328445435
56.34464073181152
56.71122670173645
57.098758935928345
57.537410259246826
57.94737195968628
58.29282355308533
58.68355393409729
59.11139106750488
59.46758985519409
59.8478889465332
60.18795680999756
60.56306457519531
60.965336084365845
61.402071952819824
61.79025936126709
62.23771572113037
62.59422469139099
63.03619027137756
63.44372010231018
63.85031223297119
64.27971172332764
64.71538639068604
65.11615562438965
65.57734966278076
65.96216464042664
66.37881088256836
66.8124532699585
67.30899381637573
67.72981715202332
68.11955118179321
68.50384283065796
68.8963131904602
69.32055020332336
69.82612633705139
70.15159296989441
70.60126566886902
71.05716156959534
71.44463038444519
71.8926830291748
72.31595921516418
72.79049062728882
73.20002722740173
73.53762602806091
74.01618361473083
74.4352605342865
74.85873413085938
75.20045065879822
75.55163621902466
75.98655581474304
76.45643210411072
76.85895276069641
77.46506857872009
77.81597208976746
78.2168960571289
78.60699796676636
79.0544981956482
79.43706035614014
79.84520244598389
80.25096893310547
80.60099864006042
81.03244638442993
81.47704792022705
81.84799933433533
82.28198862075806
82.6523609161377
83.06032156944275
83.47274971008301
83.8871762752533
84.35184383392334
84.75836682319641
85.22413039207458
85.64786100387573
86.05492234230042
86.53052592277527
86.91321086883545
87.30083870887756
87.70045900344849
88.10918188095093
88.49943137168884
88.86651110649109
89.21886420249939
89.5376877784729
89.86754179000854
90.19447994232178
90.56285309791565
90.87778544425964
91.27369666099548
91.72894763946533
92.1510956287384
92.5979015827179
93.01691508293152
93.37322807312012
93.84740257263184
94.20133876800537
94.52025175094604
94.93695592880249
95.3002564907074
95.83636140823364
96.1886658668518
96.66912961006165
97.11330580711365
97.55181002616882
97.9564483165741
98.37300729751587
98.79068636894226
99.23547434806824
99.68861413002014
100.09135675430298
100.44893670082092
100.95636248588562
101.35727310180664
101.81677508354187
102.25630569458008
102.75611996650696
103.23998427391052
103.64930510520935
104.08119606971741
104.47208833694458
104.91569352149963
105.33899259567261
105.78638052940369
106.23185586929321
106.67686343193054
107.13342547416687
107.56512546539307
108.01852750778198
108.44820880889893
108.96532464027405
109.43950247764587
109.80207061767578
110.26580286026001
110.71523332595825
111.22181677818298
111.63330793380737
112.1223030090332
112.5289933681488
112.94763708114624
113.39781379699707
113.83573246002197
114.1896481513977
114.58938479423523
115.09487891197205
115.5387372970581
116.03558301925659
116.42428183555603
116.8152244091034
117.14822578430176
117.565514087677
117.96867299079895
118.41283988952637
118.85257768630981
119.34171843528748
119.80096006393433
120.21767663955688
120.58806133270264
121.0617573261261
121.4683210849762
121.97653770446777
122.40803718566895
122.9126808643341
123.30224633216858
123.75420188903809
124.20449209213257
124.66496276855469
125.11576676368713
125.58059978485107
126.02650046348572
126.38838577270508
126.73478436470032
127.08777928352356
127.4737458229065
127.8898138999939
128.2728796005249
128.68959164619446
129.15030431747437
129.62724471092224
130.11391854286194
130.58747124671936
131.0214238166809
131.4606227874756
131.91497015953064
132.34905123710632
132.80581974983215
133.26992416381836
133.76059937477112
134.22495460510254
134.651700258255
135.07109689712524
135.47109365463257
135.88481831550598
136.3330533504486
136.73295426368713
137.18709087371826
137.64127898216248
138.04303169250488
138.51687145233154
139.02171730995178
139.42539525032043
139.88385581970215
140.3390564918518
140.75412797927856
141.21055006980896
141.59279370307922
142.10948610305786
142.48828721046448
142.92491722106934
143.3105330467224
143.68510961532593
144.0618007183075
144.52028727531433
144.93353414535522
145.3793225288391
145.81217098236084
146.28414368629456
146.70736455917358
147.12515306472778
147.54103755950928
147.98040008544922
148.3673541545868
148.78356075286865
149.24178409576416
149.67140102386475
150.0382649898529
150.46706676483154
150.873459815979
151.35176706314087
151.77355670928955
152.23005390167236
152.70498204231262
153.08275485038757
153.4696307182312
153.9061357975006
154.36888980865479
154.7722864151001
155.2327218055725
155.6379063129425
156.0215618610382
156.52927374839783
157.01696848869324
157.46301198005676
157.90080451965332
158.36259174346924
158.7933793067932
159.2453818321228
159.6415617465973
160.0865774154663
160.4976043701172
160.8899691104889
161.9012336730957
162.34134888648987
162.78069972991943
163.2137267589569
163.6192762851715
164.10953521728516
164.67651510238647
165.08147025108337
165.57350826263428
166.0178689956665
166.50512433052063
166.98989295959473
167.40894532203674
167.86046171188354
168.3011405467987
168.79469680786133
169.2990803718567
169.74485635757446
170.212828874588
170.67031717300415
171.1218502521515
171.6033718585968
172.08325362205505
172.61922955513
173.06518125534058
173.50824904441833
173.99110865592957
174.40836215019226
174.9171667098999
175.36406874656677
175.9033236503601
176.3508710861206
176.7802996635437
177.24400424957275
177.71198439598083
178.17811155319214
178.60274529457092
179.0845823287964
179.54343128204346
180.00005340576172
180.48202562332153
180.8869571685791
181.33830547332764
181.67462944984436
182.07190537452698
182.40481996536255
182.83266043663025
183.2242910861969
183.6535301208496
184.08053946495056
184.50364661216736
184.9222068786621
185.31878876686096
185.75069403648376
186.2996826171875
186.72297358512878
187.21412229537964
187.64843130111694
188.1424593925476
188.56928133964539
189.06405115127563
189.40055441856384
189.78511691093445
190.14948797225952
190.61819100379944
191.0384645462036
191.48522520065308
191.93807721138
192.27378106117249
192.6049153804779
193.07150149345398
193.41840744018555
193.86017513275146
194.29765915870667
194.75244975090027
195.23378610610962
195.73303174972534
196.1969153881073
196.72936820983887
197.2380621433258
197.7584273815155
198.20815253257751
198.6005413532257
198.92886209487915
199.3081259727478
199.70441317558289
200.0932173728943
200.60010170936584
201.07459139823914
201.49166631698608
201.83531284332275
202.27925324440002
202.7651150226593
203.18848967552185
203.59523272514343
204.04795289039612
204.67430758476257
205.06847548484802
205.46748900413513
205.83840560913086
206.21339297294617
206.66713213920593
207.1291766166687
207.54637670516968
207.9283082485199
208.33899402618408
208.78491878509521
209.2783646583557
209.7164273262024
210.07375049591064
210.4377417564392
210.8723018169403
211.2978093624115
211.7709264755249
212.2271387577057
212.62095856666565
213.1251060962677
213.53960466384888
213.9531695842743
214.38153529167175
214.7653911113739
215.1578230857849
215.56019067764282
216.0403232574463
216.50551080703735
216.9051387310028
217.4053440093994
217.83924198150635
218.2595808506012
218.7527997493744
219.20145082473755
219.70394468307495
220.16687417030334
220.61611986160278
221.0841097831726
221.48636317253113
221.97325730323792
222.35099625587463
222.74970054626465
223.14643049240112
223.58884286880493
224.08515882492065
224.63767743110657
225.09633493423462
225.5436351299286
226.02533531188965
226.37282466888428
226.72988080978394
227.08263874053955
227.44899559020996
227.8309338092804
228.20513534545898
228.66551780700684
229.07589149475098
229.52494740486145
229.9367277622223
230.33497309684753
230.92993259429932
231.46202039718628
231.99880981445312
232.49939942359924
232.93534302711487
233.3875026702881
233.7954044342041
234.28267741203308
234.74331283569336
235.2327139377594
235.65428924560547
236.05735111236572
236.52062487602234
236.97689247131348
237.39555740356445
237.89148998260498
238.31640434265137
238.69659614562988
239.09064173698425
239.57762694358826
240.0214672088623
240.49352860450745
240.98315739631653
241.52901434898376
241.97829341888428
242.39204740524292
242.819997549057
243.30819535255432
243.74505186080933
244.11691451072693
244.52160024642944
244.90576219558716
245.37766861915588
245.74298548698425
246.21245217323303
246.66697239875793
247.04471826553345
247.42857027053833
247.9302625656128
248.36222290992737
248.88901257514954
249.39944458007812
249.80550146102905
250.3028542995453
250.8491928577423
251.26692247390747
251.7685956954956
252.23597407341003
252.6848406791687
253.28256702423096
253.79268407821655
254.21048021316528
254.7034833431244
255.11426949501038
255.51808786392212
256.00205159187317
256.38037753105164
256.824013710022
257.2408595085144
257.689168214798
258.16201877593994
258.64130687713623
259.0805606842041
259.5871162414551
260.0291848182678
260.50785207748413
260.9506492614746
261.3807408809662
261.80162739753723
262.2068703174591
262.70708298683167
263.2013156414032
263.66136169433594
264.02493381500244
264.46902656555176
264.9624764919281
265.41751050949097
265.8971996307373
266.3381576538086
266.79012632369995
267.2729675769806
267.7117750644684
268.12660121917725
268.52081298828125
269.0084891319275
269.4310653209686
269.8829972743988
270.3791811466217
270.8465008735657
271.3767418861389
271.85913491249084
272.38235306739807
272.83359813690186
273.30316495895386
273.88205122947693
274.27368903160095
274.68460273742676
275.1062231063843
275.5381031036377
276.1098177433014
276.575875043869
277.07050919532776
277.44300055503845
277.81738471984863
278.31648445129395
278.6993193626404
279.16034150123596
279.62798166275024
280.0434648990631
280.5398395061493
280.96968364715576
282.01926827430725
282.42037558555603
282.9516429901123
283.3973352909088
283.90226221084595
284.3219504356384
284.7110507488251
285.1509704589844
285.64121675491333
286.09839487075806
286.55177211761475
287.00242590904236
287.4460964202881
287.7956202030182
288.23619389533997
288.6073889732361
289.0104160308838
289.45459055900574
289.83873772621155
290.2503650188446
290.64401149749756
291.06094336509705
291.4888348579407
291.89654421806335
292.30782556533813
292.8253402709961
293.3623447418213
293.7156798839569
294.27129220962524
294.61959528923035
295.2364602088928
295.6987364292145
296.2876100540161
296.9387962818146
297.5698506832123
298.2554683685303
298.9046642780304
299.5414345264435
299.9607141017914
300.4180896282196
300.7797701358795
301.1929705142975
301.59961462020874
301.995591878891
302.3833179473877
302.7650225162506
303.1633083820343
303.5502505302429
303.93940567970276
304.3804008960724
304.78521633148193
305.26027059555054
305.7379033565521
306.06320428848267
306.48478055000305
306.7832074165344
307.130069732666
307.49428963661194
307.933669090271
308.36276841163635
308.75791454315186
309.2178819179535
309.6250841617584
310.1474413871765
310.56973600387573
310.96546697616577
311.34413480758667
311.8561267852783
312.70431184768677
313.36081433296204
313.7424659729004
314.2222623825073
314.6882393360138
315.07729053497314
315.4579863548279
315.8898980617523
316.32728362083435
316.696825504303
317.0840952396393
317.500613451004
318.04012799263
318.6502058506012
319.06774163246155
319.4746708869934
319.92119336128235
320.3166265487671
320.78541469573975
321.42697310447693
321.82393884658813
322.3939573764801
322.81758522987366
323.2446286678314
323.7711477279663
324.2750322818756
324.6538197994232
325.06142139434814
325.4761869907379
325.8904504776001
326.315532207489
326.713830947876
327.13502168655396
327.5427894592285
327.9271082878113
328.32338094711304
328.7806091308594
329.1991868019104
329.5866370201111
329.94710302352905
330.3155982494354
330.7809257507324
331.2021379470825
331.6658308506012
332.06743597984314
332.42331767082214
332.8345468044281
333.3525207042694
333.72750639915466
334.1544690132141
334.5840628147125
335.0421333312988
335.4605624675751
335.8974184989929
