57.00700306892395
57.473737478256226
58.00384855270386
58.3788685798645
58.74078178405762
59.083805084228516
59.46032381057739
59.8201858997345
60.16898155212402
60.51892161369324
60.929391860961914
61.343491554260254
61.70848298072815
62.05671811103821
62.402857303619385
62.7231559753418
63.078916788101196
63.49900722503662
63.86834144592285
64.2401475906372
64.68140697479248
65.06077146530151
65.46561312675476
65.9302146434784
66.28767275810242
66.69664597511292
67.07340264320374
67.4018862247467
67.73190999031067
68.06974267959595
68.43770170211792
68.84058594703674
69.2274603843689
69.62282109260559
70.04214286804199
70.42056846618652
70.79202651977539
71.13974404335022
71.49023222923279
71.83494663238525
72.19988298416138
72.54919791221619
72.90623593330383
73.2238986492157
73.52732825279236
73.87783765792847
74.21477007865906
74.55795049667358
74.92658495903015
75.23699450492859
75.55778884887695
75.89158225059509
76.26685881614685
76.60738706588745
76.92275071144104
77.26211881637573
77.6195240020752
77.98908519744873
78.34807586669922
78.70431232452393
79.14374470710754
79.52322793006897
79.92985939979553
80.4248960018158
80.81988334655762
81.2212746143341
81.61278033256531
82.01751923561096
82.41156792640686
82.80474042892456
83.18133401870728
83.55240273475647
83.9695999622345
84.32399868965149
84.7107982635498
85.05243802070618
85.45880651473999
85.8077597618103
86.18874859809875
86.53611540794373
86.90868306159973
87.26093602180481
87.61836266517639
88.01913285255432
88.37321710586548
88.71442580223083
89.06607294082642
89.41830492019653
89.80606460571289
90.21635890007019
90.54586219787598
90.92680430412292
91.34894466400146
91.68034100532532
92.04833102226257
92.39875769615173
92.74268364906311
93.15643954277039
93.4882128238678
93.89671730995178
94.28097295761108
94.61058902740479
94.91389203071594
95.27478289604187
95.69024920463562
96.00207829475403
96.41445755958557
96.8045334815979
97.24039483070374
97.62801432609558
97.98581886291504
98.32051301002502
98.65519952774048
99.00316762924194
99.37033271789551
99.78829288482666
100.23403143882751
100.65698504447937
101.02483415603638
101.44008350372314
101.87096834182739
102.26137709617615
102.64974641799927
103.00837135314941
103.41247630119324
103.78625392913818
104.2018654346466
104.63724875450134
105.00185585021973
105.42412328720093
105.76585507392883
106.15337657928467
106.49728441238403
106.93688488006592
107.30636310577393
107.66990256309509
108.05428814888
108.42043614387512
108.73970127105713
109.14780950546265
109.50252962112427
109.91954326629639
110.3196747303009
110.67925596237183
111.09619331359863
111.52755355834961
112.04140257835388
112.4368827342987
112.82826471328735
113.2483856678009
113.61314582824707
114.02765917778015
114.46413326263428
114.85789132118225
115.29664611816406
115.75010919570923
116.19512462615967
116.60407376289368
117.03503823280334
117.41494560241699
117.87442278862
118.32999801635742
118.73313403129578
119.10659170150757
119.47120547294617
119.8264729976654
120.23213791847229
120.60714888572693
120.93857192993164
121.38091778755188
121.76316380500793
122.13794231414795
122.54924893379211
122.93427848815918
123.34180498123169
123.73904871940613
124.14874148368835
124.59729242324829
125.059725522995
125.45559048652649
125.84206938743591
126.24693632125854
126.64974999427795
127.0733437538147
127.47395539283752
127.86454319953918
128.22617745399475
128.63715767860413
129.0788414478302
129.5315339565277
129.92158818244934
130.37074446678162
130.8208978176117
131.21899271011353
131.59015130996704
131.97901487350464
132.42190432548523
132.7913453578949
133.2369420528412
133.63498854637146
134.05938053131104
134.46115255355835
134.8415505886078
135.2277388572693
135.6967751979828
136.1311547756195
136.51288390159607
136.8980429172516
137.29194736480713
137.72637915611267
138.14625430107117
138.53043866157532
138.99007511138916
139.4106502532959
139.8278727531433
140.24453616142273
140.64266729354858
141.04697155952454
141.4372797012329
141.81804394721985
142.2039544582367
142.69951367378235
143.04970121383667
143.41574358940125
143.78411602973938
144.15958976745605
144.5412483215332
144.87991738319397
145.28156781196594
145.67824697494507
146.0484426021576
146.46918892860413
146.8416726589203
147.2445261478424
147.5933496952057
147.96010947227478
148.3498933315277
148.73283767700195
149.10026359558105
149.45906400680542
149.8479244709015
150.22313046455383
150.5899474620819
151.01528310775757
151.40395259857178
151.86396431922913
152.36610794067383
152.83505082130432
153.28997707366943
153.68693256378174
154.04804873466492
154.4524781703949
154.85042214393616
155.25878024101257
155.66341876983643
156.0229253768921
156.43700861930847
156.90004515647888
157.27192163467407
157.6754972934723
158.0978500843048
158.53097009658813
158.89763259887695
159.2717764377594
159.6897201538086
160.19915628433228
160.58637237548828
160.91776990890503
161.28666830062866
161.6868736743927
162.07512950897217
162.53702449798584
162.9056420326233
163.2764277458191
163.6446135044098
164.02649593353271
164.38937091827393
164.77607107162476
165.16873455047607
165.5261287689209
165.9205527305603
166.30075764656067
166.65285277366638
167.00564074516296
167.41969299316406
167.77603554725647
168.20456838607788
168.60605263710022
169.02572011947632
169.3791949748993
169.735098361969
170.08826637268066
170.50378274917603
170.88268399238586
171.31774592399597
171.6934196949005
172.13152408599854
172.52288937568665
172.9138960838318
173.30861449241638
173.72164511680603
174.1645896434784
174.58133149147034
175.0435209274292
175.4801139831543
175.92937445640564
176.37505507469177
176.7517969608307
177.14612340927124
177.54634881019592
177.86613130569458
178.22906970977783
178.74751210212708
179.27004194259644
179.74119567871094
180.2228479385376
180.64080452919006
181.0593843460083
181.48957443237305
181.88394618034363
182.28520464897156
182.71475410461426
183.06720185279846
183.52059078216553
183.96632194519043
184.46621584892273
184.9719204902649
185.47239351272583
185.92521905899048
186.41357731819153
187.1778838634491
187.58469605445862
188.0641541481018
188.43654656410217
188.8653163909912
189.23180675506592
189.68755888938904
190.13617610931396
190.531316280365
190.89033222198486
191.23149752616882
191.57892894744873
191.91512084007263
192.31914567947388
192.7229619026184
193.08526253700256
193.53537225723267
193.89773297309875
194.32085585594177
194.69462895393372
195.1075885295868
195.48843145370483
195.83408522605896
196.19978857040405
196.63126611709595
196.969890832901
197.36734008789062
197.68223237991333
198.1263952255249
198.48599123954773
198.864511013031
199.21967267990112
199.615581035614
200.03210043907166
200.37142205238342
200.73664093017578
201.07421159744263
201.4829421043396
201.87927556037903
202.28213095664978
202.64832162857056
202.99050307273865
203.41778254508972
203.86276078224182
204.26826930046082
204.66372299194336
205.0491819381714
205.41214418411255
205.81015539169312
206.22172212600708
206.66938948631287
207.04594135284424
207.48883771896362
207.8147201538086
208.2002637386322
208.65149402618408
209.0359320640564
209.49559831619263
209.8967089653015
210.28098273277283
210.67717790603638
211.0606095790863
211.43206119537354
211.82273888587952
212.2440595626831
212.61618328094482
213.00153183937073
213.37917590141296
213.77474975585938
214.16701936721802
214.53390383720398
214.8981533050537
215.30015587806702
215.77463388442993
216.22720098495483
216.6638491153717
217.0932915210724
217.52125930786133
217.97341346740723
218.38873147964478
218.82341289520264
219.16681170463562
219.5218803882599
219.98264527320862
220.46612572669983
221.02346205711365
221.5235755443573
221.87727284431458
222.20330619812012
222.5455756187439
222.92717099189758
223.2972218990326
223.62612438201904
223.988183259964
224.35952639579773
224.73035740852356
225.06459879875183
225.45059037208557
225.80030155181885
226.18745756149292
226.57068347930908
227.04916071891785
227.5412290096283
227.96238207817078
228.32545685768127
228.7569169998169
229.13656568527222
229.54475331306458
229.92262148857117
230.30279278755188
230.7155261039734
231.11945605278015
231.53173756599426
232.05320119857788
232.47060918807983
232.8648180961609
233.26089334487915
233.62514400482178
234.0507583618164
234.44620847702026
234.82915925979614
235.19550204277039
235.5840163230896
235.95112991333008
236.38245725631714
236.73707795143127
237.18593406677246
237.62030291557312
238.02412700653076
238.4223005771637
238.860013961792
239.2361023426056
239.6520390510559
240.07224917411804
240.53477787971497
240.95499110221863
241.33745861053467
241.90988397598267
242.3505401611328
242.77610611915588
243.15183544158936
243.56584334373474
244.00646090507507
244.3672194480896
244.76812195777893
245.16617369651794
245.55203938484192
245.91112160682678
246.2757067680359
246.64529728889465
247.07164883613586
247.47190284729004
247.90755343437195
248.32747292518616
248.72969245910645
249.09109616279602
249.52867937088013
249.95354294776917
250.36980509757996
250.72742748260498
251.0719609260559
251.43053722381592
251.7760524749756
252.18801546096802
252.5601601600647
252.901771068573
253.25683689117432
253.65943050384521
253.98354196548462
254.35028672218323
254.76650547981262
