0.0019800662994384766
0.0016601085662841797
0.0020368099212646484
0.002365589141845703
0.002057790756225586
0.00215911865234375
0.0021462440490722656
0.00455784797668457
0.002137899398803711
0.002171039581298828
0.0022275447845458984
0.003142118453979492
0.0016291141510009766
0.002784252166748047
0.002262115478515625
0.0019919872283935547
0.002500295639038086
0.0018494129180908203
0.001787424087524414
0.0022788047790527344
0.0016613006591796875
0.0021066665649414062
0.0016782283782958984
0.0019845962524414062
0.0035524368286132812
0.0019047260284423828
0.002088785171508789
0.0018117427825927734
0.0022125244140625
0.0025141239166259766
0.002174854278564453
0.004342794418334961
0.003226041793823242
0.002823352813720703
0.0021820068359375
0.002201557159423828
0.002201080322265625
0.002086639404296875
0.0020599365234375
0.0028100013732910156
0.0020055770874023438
0.0015401840209960938
0.004964351654052734
0.0018703937530517578
0.0018401145935058594
0.0018837451934814453
0.0017840862274169922
0.0016260147094726562
0.0016901493072509766
0.0032122135162353516
0.002695798873901367
0.002414226531982422
0.0028362274169921875
0.011679649353027344
0.001972675323486328
0.0022172927856445312
0.0026416778564453125
0.001971721649169922
0.0021016597747802734
0.0022573471069335938
0.0019221305847167969
0.001789093017578125
0.0019626617431640625
0.0062329769134521484
0.0020699501037597656
0.0018453598022460938
0.001986265182495117
0.01757049560546875
0.001819610595703125
0.0016422271728515625
0.0016677379608154297
0.0016448497772216797
0.0017731189727783203
0.002210855484008789
0.0018765926361083984
0.0021402835845947266
0.0020821094512939453
0.0019795894622802734
0.0018241405487060547
0.0016732215881347656
0.0018699169158935547
0.001981496810913086
0.0017170906066894531
0.002077817916870117
0.001730203628540039
0.0026056766510009766
0.001956462860107422
0.0019023418426513672
0.0018162727355957031
0.001905202865600586
0.0015189647674560547
0.0015976428985595703
0.0023756027221679688
0.002057313919067383
0.0019981861114501953
0.0016789436340332031
0.0016560554504394531
0.0015583038330078125
0.0017745494842529297
0.0018527507781982422
0.00159454345703125
0.0022242069244384766
0.001956939697265625
0.0018792152404785156
0.00527191162109375
0.002229452133178711
0.0016405582427978516
0.0022554397583007812
0.001851797103881836
0.0020706653594970703
0.01227569580078125
0.001682281494140625
0.0018508434295654297
0.0027430057525634766
0.003247976303100586
0.0021240711212158203
0.0021948814392089844
0.0018129348754882812
0.0019307136535644531
0.0017271041870117188
0.0018465518951416016
0.0019297599792480469
0.002035856246948242
0.001905202865600586
0.001871347427368164
0.0025415420532226562
0.002051830291748047
0.0019540786743164062
0.0015249252319335938
0.0018200874328613281
0.002008199691772461
0.002967357635498047
0.0018529891967773438
0.0016138553619384766
0.0019261837005615234
0.0017154216766357422
0.0018525123596191406
0.0015573501586914062
0.0017175674438476562
0.001983165740966797
0.0017437934875488281
0.009292840957641602
0.0017883777618408203
0.0015892982482910156
0.00168609619140625
0.0016891956329345703
0.0016870498657226562
0.0019273757934570312
0.0016200542449951172
0.0018661022186279297
0.002025604248046875
0.0020036697387695312
0.0017197132110595703
0.0017020702362060547
0.002325773239135742
0.002185344696044922
0.0028696060180664062
0.0023851394653320312
0.0017006397247314453
0.0014061927795410156
0.0016326904296875
0.01779007911682129
0.014250755310058594
0.01676774024963379
0.001894235610961914
0.0019392967224121094
0.002001523971557617
0.0020835399627685547
0.0023212432861328125
0.0018122196197509766
0.0030438899993896484
0.0018627643585205078
0.0019254684448242188
0.002387523651123047
0.001990079879760742
0.001997709274291992
0.001798868179321289
0.0018482208251953125
0.0018010139465332031
0.0020589828491210938
0.002578258514404297
0.0019745826721191406
0.055694580078125
0.005952358245849609
0.0016112327575683594
0.0017206668853759766
0.03385162353515625
0.002224445343017578
0.0019571781158447266
0.0015261173248291016
0.0022194385528564453
0.0026116371154785156
0.02711939811706543
0.0018646717071533203
0.015013456344604492
0.0019409656524658203
0.0019478797912597656
0.03153634071350098
0.0024442672729492188
0.0018968582153320312
0.001959562301635742
0.045588016510009766
0.001598358154296875
0.0018239021301269531
0.024612903594970703
0.004935264587402344
0.0025959014892578125
0.001764535903930664
0.00814366340637207
0.03860831260681152
0.019739866256713867
0.0014467239379882812
0.0020346641540527344
0.0018901824951171875
0.001689910888671875
0.005148887634277344
0.00153350830078125
0.07881402969360352
0.04802060127258301
0.0028285980224609375
0.0019474029541015625
0.0019025802612304688
0.0019125938415527344
0.0017385482788085938
0.004348039627075195
0.002088308334350586
0.0015904903411865234
0.001962900161743164
0.004122018814086914
0.0017137527465820312
0.002526998519897461
0.0021462440490722656
0.001707315444946289
0.0021588802337646484
0.001962423324584961
0.0016715526580810547
0.0018296241760253906
0.0017421245574951172
0.0020503997802734375
0.0021338462829589844
0.0019578933715820312
0.0027565956115722656
0.001483917236328125
0.0013020038604736328
0.002850770950317383
0.0018541812896728516
0.0013206005096435547
0.0023164749145507812
0.0023322105407714844
0.003836393356323242
0.001748800277709961
0.001953125
0.0018701553344726562
0.001306772232055664
0.0016815662384033203
0.0016031265258789062
0.0015819072723388672
0.00147247314453125
0.0017783641815185547
0.0030624866485595703
0.001573801040649414
0.002031087875366211
0.0016460418701171875
0.0019750595092773438
0.001725912094116211
0.0014464855194091797
0.0014007091522216797
0.0016651153564453125
0.0014483928680419922
0.002526998519897461
0.001461029052734375
0.0017807483673095703
0.0021474361419677734
0.0071141719818115234
0.0016994476318359375
0.0033690929412841797
0.009055137634277344
0.0016396045684814453
0.0025739669799804688
0.005530357360839844
0.0020148754119873047
0.001800537109375
0.0041484832763671875
0.0021278858184814453
0.004884958267211914
0.0024073123931884766
0.0019030570983886719
0.0016562938690185547
0.0021598339080810547
0.0024118423461914062
0.002988576889038086
0.0022783279418945312
0.0018267631530761719
0.002033233642578125
0.002483367919921875
0.0018901824951171875
0.0018649101257324219
0.0019834041595458984
0.0020635128021240234
0.0015556812286376953
0.0014951229095458984
0.0015501976013183594
0.001514434814453125
0.030091047286987305
0.0027570724487304688
0.0021550655364990234
0.0015311241149902344
0.002158641815185547
0.002239704132080078
0.0019390583038330078
0.002290487289428711
0.0020704269409179688
0.0018353462219238281
0.001714468002319336
0.00162506103515625
0.0018706321716308594
0.002038717269897461
0.0016088485717773438
0.0018017292022705078
0.003033161163330078
0.015198469161987305
0.0022323131561279297
0.001851797103881836
0.0016834735870361328
0.0018396377563476562
0.0021424293518066406
0.002360105514526367
0.0018579959869384766
0.0018701553344726562
0.0017371177673339844
0.002180337905883789
0.0016410350799560547
0.0016193389892578125
0.0018923282623291016
0.001596212387084961
0.001375436782836914
0.0032668113708496094
0.0018270015716552734
0.0020868778228759766
0.0017440319061279297
0.00189208984375
0.0015108585357666016
0.0019271373748779297
0.0016624927520751953
0.00151824951171875
0.0020329952239990234
0.0017108917236328125
0.001764059066772461
0.0020287036895751953
0.001766204833984375
0.0019202232360839844
0.0021762847900390625
0.0023322105407714844
0.0015206336975097656
0.0019330978393554688
0.0016546249389648438
0.00177001953125
0.00212860107421875
0.0046844482421875
0.0014774799346923828
0.0018458366394042969
0.0015172958374023438
0.0015468597412109375
0.0013916492462158203
0.0014805793762207031
0.001991748809814453
0.001848459243774414
0.0015840530395507812
0.0014531612396240234
0.001630544662475586
0.0015723705291748047
0.00167083740234375
0.0019528865814208984
0.0019643306732177734
0.0017857551574707031
0.0018231868743896484
0.0017926692962646484
0.0013422966003417969
0.002318859100341797
0.0018088817596435547
0.0017523765563964844
0.0015637874603271484
0.013172626495361328
0.0016093254089355469
0.0015990734100341797
0.0014307498931884766
0.0013175010681152344
0.0013935565948486328
0.002717733383178711
0.0019268989562988281
0.003445863723754883
0.0021734237670898438
0.0014941692352294922
0.0017817020416259766
0.0016252994537353516
0.0019767284393310547
0.0015065670013427734
0.014161348342895508
0.0015244483947753906
0.00208282470703125
0.0018146038055419922
0.0018076896667480469
0.015617132186889648
0.0018177032470703125
0.0023174285888671875
0.0016748905181884766
0.0017082691192626953
0.0022323131561279297
0.03084540367126465
0.04503011703491211
0.002221345901489258
0.015454530715942383
0.001806020736694336
0.0020172595977783203
0.002437591552734375
0.0030517578125
0.018324851989746094
0.0020623207092285156
0.003259897232055664
0.0017580986022949219
0.002279520034790039
0.03295087814331055
0.0018534660339355469
0.002107858657836914
0.0024254322052001953
0.0017361640930175781
0.002351522445678711
0.002228260040283203
0.0014562606811523438
0.0016622543334960938
0.0024018287658691406
0.0021207332611083984
0.0022199153900146484
0.0024344921112060547
0.04750967025756836
0.0016570091247558594
0.0014789104461669922
0.0018193721771240234
0.0015327930450439453
0.0021152496337890625
0.0018506050109863281
0.0024886131286621094
0.001634359359741211
0.001844167709350586
0.0014810562133789062
0.0018382072448730469
0.001806497573852539
0.0018880367279052734
0.001798868179321289
0.0016324520111083984
0.002129077911376953
0.0014529228210449219
0.0017247200012207031
0.0016896724700927734
0.0022237300872802734
0.0018720626831054688
0.0016911029815673828
0.001451253890991211
0.0015211105346679688
0.0017497539520263672
0.0015773773193359375
0.002185344696044922
0.002357006072998047
0.0016036033630371094
0.0016560554504394531
0.0021162033081054688
0.004522085189819336
0.002930164337158203
0.001909494400024414
0.0014955997467041016
0.0016465187072753906
0.0020546913146972656
0.001664876937866211
0.0015707015991210938
0.010883331298828125
0.0020399093627929688
0.0016782283782958984
0.0017006397247314453
0.0016264915466308594
0.0020236968994140625
0.0026984214782714844
0.0017154216766357422
0.001718282699584961
0.0021076202392578125
0.001821756362915039
0.002038717269897461
0.003537416458129883
0.0019969940185546875
0.0022361278533935547
0.0018143653869628906
0.001682281494140625
0.0017249584197998047
0.0017862319946289062
0.0017135143280029297
0.0016388893127441406
0.0030803680419921875
0.0014872550964355469
0.0015971660614013672
0.0019860267639160156
0.0019867420196533203
0.012352705001831055
0.0023102760314941406
0.0017387866973876953
0.0015666484832763672
0.0016303062438964844
0.0018489360809326172
0.0030241012573242188
0.00144195556640625
0.025312185287475586
0.0023040771484375
0.0015840530395507812
0.001682281494140625
0.0017507076263427734
0.002069711685180664
0.002070903778076172
0.0019218921661376953
0.001981496810913086
0.0016727447509765625
0.0017104148864746094
0.0018191337585449219
0.002103567123413086
0.001986265182495117
0.0018434524536132812
0.0018627643585205078
0.0016252994537353516
0.0015442371368408203
0.0015606880187988281
0.001529693603515625
0.0017523765563964844
0.002247333526611328
0.0016849040985107422
0.001959562301635742
0.0014896392822265625
0.002124786376953125
0.002059459686279297
0.0019009113311767578
0.0013453960418701172
0.002341747283935547
0.0016820430755615234
0.001798391342163086
0.0016207695007324219
0.001940011978149414
0.0024919509887695312
0.0020904541015625
0.0019617080688476562
0.0018155574798583984
0.0018351078033447266
0.001920461654663086
0.0018398761749267578
0.001867532730102539
0.0021448135375976562
0.0020041465759277344
0.0013492107391357422
0.0019481182098388672
0.0013606548309326172
0.0015339851379394531
0.011497735977172852
0.0015861988067626953
0.0020198822021484375
0.001741170883178711
0.0037696361541748047
0.0016989707946777344
0.0035767555236816406
0.001912832260131836
0.0017731189727783203
0.001741170883178711
0.0016810894012451172
0.0017139911651611328
0.0013661384582519531
0.0029103755950927734
0.002050161361694336
0.0014255046844482422
0.0013151168823242188
0.001367807388305664
0.00201416015625
0.0020737648010253906
0.0013587474822998047
0.0017027854919433594
0.0017333030700683594
0.0017404556274414062
0.0018181800842285156
0.009602785110473633
0.0017361640930175781
0.001600027084350586
0.0014739036560058594
0.0017507076263427734
0.001983165740966797
0.0015158653259277344
0.0015473365783691406
0.0018031597137451172
0.012058258056640625
0.0028710365295410156
0.0031845569610595703
0.0024039745330810547
0.001573801040649414
0.0017015933990478516
0.001703023910522461
0.0023407936096191406
0.0018391609191894531
0.002343893051147461
0.001611471176147461
0.001481771469116211
0.0017001628875732422
0.001814126968383789
0.0019032955169677734
0.0016632080078125
0.0017080307006835938
0.0016770362854003906
0.028594493865966797
0.001659393310546875
0.0024487972259521484
0.0017998218536376953
0.0016753673553466797
0.001987934112548828
0.0018570423126220703
0.016403913497924805
0.0017096996307373047
0.001527547836303711
0.002123594284057617
0.0017933845520019531
0.0025396347045898438
0.0018393993377685547
0.0015940666198730469
0.0020859241485595703
0.002043485641479492
0.0015978813171386719
0.001697540283203125
0.0018908977508544922
0.0019068717956542969
0.0023157596588134766
0.0015363693237304688
0.0016531944274902344
0.0018148422241210938
0.002220630645751953
0.0016145706176757812
0.001779317855834961
0.0018312931060791016
0.0017435550689697266
0.0017964839935302734
0.0017812252044677734
0.0016756057739257812
0.001729726791381836
0.0016918182373046875
0.0018317699432373047
0.0018796920776367188
0.0018696784973144531
0.0021076202392578125
0.001634359359741211
0.0015892982482910156
0.0018773078918457031
0.001352071762084961
0.0017004013061523438
0.0015654563903808594
0.0021429061889648438
0.0036001205444335938
0.001962900161743164
0.025318622589111328
0.0048274993896484375
0.0017924308776855469
0.0020318031311035156
0.0016303062438964844
0.0015981197357177734
0.001844167709350586
0.002036571502685547
0.0013954639434814453
0.0025620460510253906
0.0020601749420166016
0.0022628307342529297
0.0016279220581054688
0.0018835067749023438
0.002040386199951172
0.005599260330200195
0.0015742778778076172
0.0016891956329345703
0.0018720626831054688
0.0018312931060791016
0.0016357898712158203
0.0028421878814697266
0.0014393329620361328
0.001800537109375
0.008593082427978516
0.0013225078582763672
0.002222776412963867
0.0027561187744140625
0.0016694068908691406
0.001993417739868164
0.0015170574188232422
0.0017578601837158203
0.0015482902526855469
0.00180816650390625
0.0016872882843017578
0.001772165298461914
0.0018572807312011719
0.00194549560546875
0.0019159317016601562
0.0016012191772460938
0.0025048255920410156
0.001718759536743164
0.0018794536590576172
0.0017764568328857422
0.0030927658081054688
0.0018503665924072266
0.0017893314361572266
0.0019791126251220703
0.0017778873443603516
0.0018203258514404297
0.002058267593383789
0.0024459362030029297
0.001554727554321289
0.0015485286712646484
0.0017108917236328125
0.001954793930053711
0.0017430782318115234
0.007218360900878906
0.0014379024505615234
0.0018584728240966797
0.0019309520721435547
0.00977945327758789
0.0017919540405273438
0.001462697982788086
0.001848459243774414
0.0015437602996826172
0.0018100738525390625
0.0015447139739990234
0.0019674301147460938
0.0019500255584716797
0.0013699531555175781
0.0016186237335205078
0.0017180442810058594
0.001950979232788086
0.0016727447509765625
0.0019974708557128906
0.001565694808959961
0.0019571781158447266
0.0017960071563720703
0.0020499229431152344
0.002246379852294922
0.0017731189727783203
0.001497507095336914
0.00191497802734375
0.001688241958618164
0.0016803741455078125
0.001577138900756836
0.0013515949249267578
0.002051115036010742
0.00433659553527832
0.0016584396362304688
0.001802206039428711
0.0017211437225341797
0.0016872882843017578
0.0016703605651855469
0.0018236637115478516
0.0016374588012695312
0.001760721206665039
0.0023298263549804688
0.001556396484375
0.00231170654296875
0.0015711784362792969
0.0016944408416748047
0.0016107559204101562
0.0016865730285644531
0.0018203258514404297
0.0017244815826416016
0.001905202865600586
0.0017294883728027344
0.005704641342163086
0.002338409423828125
0.002285480499267578
0.010050535202026367
0.0015368461608886719
0.0020301342010498047
0.002353191375732422
0.001973867416381836
0.0015544891357421875
0.0022444725036621094
0.001958608627319336
0.010758399963378906
0.0015056133270263672
0.002315521240234375
0.0018208026885986328
0.003910541534423828
0.0019125938415527344
0.002026796340942383
0.001993417739868164
0.0020432472229003906
0.0016570091247558594
0.001325845718383789
0.011235952377319336
0.0016276836395263672
0.0019114017486572266
0.002867460250854492
0.0018279552459716797
0.0023012161254882812
0.0013976097106933594
0.001827239990234375
0.0015473365783691406
0.001901865005493164
0.001631021499633789
0.002869129180908203
0.0016248226165771484
0.0014889240264892578
0.0014722347259521484
0.002062082290649414
0.0017764568328857422
0.0015811920166015625
0.0013589859008789062
0.0016469955444335938
0.0014667510986328125
0.0017163753509521484
0.0016736984252929688
0.002515554428100586
0.0017843246459960938
0.00518345832824707
0.0017852783203125
0.0018601417541503906
0.0017971992492675781
0.0020520687103271484
0.0018630027770996094
0.0019922256469726562
0.0015571117401123047
0.0017180442810058594
0.0015304088592529297
0.0016355514526367188
0.0018911361694335938
0.0014493465423583984
0.0030727386474609375
0.0018563270568847656
0.0019385814666748047
0.0017459392547607422
0.0018019676208496094
0.001316070556640625
0.0022149085998535156
0.0022814273834228516
0.0020291805267333984
0.0022869110107421875
0.001390218734741211
0.0012054443359375
0.002643585205078125
0.0014090538024902344
0.0021049976348876953
0.0023000240325927734
0.003138303756713867
0.0014376640319824219
0.0018312931060791016
0.001468658447265625
0.0017232894897460938
0.0018296241760253906
0.0017964839935302734
0.001828908920288086
0.003513336181640625
0.001756429672241211
0.0019505023956298828
0.0019352436065673828
0.0032753944396972656
0.0015940666198730469
0.0022606849670410156
0.0016558170318603516
0.0017704963684082031
0.0018231868743896484
0.0015187263488769531
0.0019190311431884766
0.0017466545104980469
0.0017409324645996094
0.0016477108001708984
0.0013232231140136719
0.0016453266143798828
0.0017473697662353516
0.0028672218322753906
0.0021066665649414062
0.001596212387084961
0.0013289451599121094
0.0015170574188232422
0.004160165786743164
0.0012645721435546875
0.0019440650939941406
0.0014903545379638672
0.0017232894897460938
0.0013275146484375
0.0014846324920654297
0.001631021499633789
0.0017666816711425781
0.002323150634765625
0.002000570297241211
0.0017781257629394531
0.001968860626220703
0.0016183853149414062
0.0014395713806152344
0.0017118453979492188
0.001478433609008789
0.0017158985137939453
0.0012409687042236328
0.001750946044921875
0.0018367767333984375
0.0018305778503417969
0.002138853073120117
0.0014061927795410156
0.0014917850494384766
0.0016589164733886719
0.0015819072723388672
0.001476287841796875
0.004738330841064453
0.0019676685333251953
0.0012793540954589844
0.0014514923095703125
0.0016391277313232422
0.0016722679138183594
0.0013852119445800781
0.001589059829711914
0.0014319419860839844
0.0013518333435058594
0.002745389938354492
0.001750946044921875
0.031202077865600586
0.0014319419860839844
0.0018115043640136719
0.0019383430480957031
0.0017039775848388672
0.0016508102416992188
0.0024940967559814453
0.0018727779388427734
0.0017366409301757812
0.0017406940460205078
0.0020804405212402344
0.0022361278533935547
0.0020225048065185547
0.0016727447509765625
0.0018854141235351562
0.0020759105682373047
0.002179861068725586
0.001888275146484375
0.0021734237670898438
0.002002239227294922
0.0031385421752929688
0.001861572265625
0.0016298294067382812
0.00189971923828125
0.001527547836303711
0.0017247200012207031
0.002676248550415039
0.002239704132080078
0.0018401145935058594
0.00877523422241211
0.0018568038940429688
0.0018603801727294922
0.0018699169158935547
0.001760721206665039
0.0017962455749511719
0.001975536346435547
0.0018362998962402344
0.0017960071563720703
0.002859830856323242
0.0020627975463867188
0.0014874935150146484
0.0017685890197753906
0.002715587615966797
0.0025153160095214844
0.0034186840057373047
0.0017757415771484375
0.004599332809448242
0.002257108688354492
0.009858369827270508
0.0022230148315429688
0.0015676021575927734
0.001544952392578125
0.003685474395751953
0.03566694259643555
0.0015680789947509766
0.001802206039428711
0.0015399456024169922
0.0014243125915527344
0.0028471946716308594
0.002355337142944336
0.023209333419799805
0.0025365352630615234
0.007337331771850586
0.0020127296447753906
0.0016252994537353516
0.0018167495727539062
0.0016429424285888672
0.0017807483673095703
0.002007007598876953
0.0020682811737060547
0.002648591995239258
0.016275882720947266
0.017255544662475586
0.0022020339965820312
0.0024445056915283203
0.0016934871673583984
0.0016510486602783203
0.0016765594482421875
0.0028023719787597656
0.009669065475463867
0.001934051513671875
0.0016140937805175781
0.0020160675048828125
0.0018630027770996094
0.0015833377838134766
0.016477346420288086
0.0017671585083007812
0.002470731735229492
0.001444101333618164
0.0014150142669677734
0.0016677379608154297
0.0020766258239746094
0.0019414424896240234
0.0024254322052001953
0.0014994144439697266
0.0013153553009033203
0.010812520980834961
0.0014612674713134766
0.0015895366668701172
0.0015788078308105469
0.0016634464263916016
0.0017385482788085938
0.0017511844635009766
0.005163908004760742
0.0017538070678710938
0.0015337467193603516
0.002320528030395508
0.0016529560089111328
0.0026144981384277344
0.002129793167114258
0.0018036365509033203
0.0017085075378417969
0.0017652511596679688
0.0017876625061035156
0.0020596981048583984
0.0015320777893066406
0.0019812583923339844
0.0018112659454345703
0.009910106658935547
0.002860546112060547
0.002040863037109375
0.002020120620727539
0.0015904903411865234
0.0016660690307617188
0.002568483352661133
0.0017731189727783203
0.001323699951171875
0.0020515918731689453
0.0018148422241210938
0.001954793930053711
0.0016198158264160156
0.001737833023071289
0.0019130706787109375
0.0019328594207763672
0.0014581680297851562
0.0022590160369873047
0.001735687255859375
0.001604318618774414
0.0017538070678710938
0.0015058517456054688
0.001728057861328125
0.002673625946044922
0.0019445419311523438
0.0015187263488769531
0.0018641948699951172
0.002518892288208008
0.002092599868774414
0.003373861312866211
0.002401113510131836
0.0017464160919189453
0.0016121864318847656
0.0014562606811523438
0.0016183853149414062
0.0021140575408935547
0.002271413803100586
0.0016574859619140625
0.00220489501953125
0.003509521484375
0.002468585968017578
0.0018634796142578125
0.0014617443084716797
0.0019626617431640625
0.001964569091796875
0.002777099609375
0.0016903877258300781
0.0023071765899658203
0.0019307136535644531
0.0018858909606933594
0.0016286373138427734
0.001634836196899414
0.0015246868133544922
0.0022478103637695312
0.001970052719116211
0.0018208026885986328
0.002357006072998047
0.0014598369598388672
0.0015633106231689453
0.0019538402557373047
0.001741647720336914
0.0017120838165283203
0.0021593570709228516
0.0019571781158447266
0.0014128684997558594
0.0016696453094482422
0.0017952919006347656
0.0018644332885742188
0.002018451690673828
0.0015032291412353516
0.0016257762908935547
0.0038709640502929688
0.001466512680053711
0.0019466876983642578
0.0013670921325683594
0.0015668869018554688
0.001733541488647461
0.0025038719177246094
0.0017096996307373047
0.0017142295837402344
0.001935720443725586
0.0019123554229736328
0.0016341209411621094
0.0031423568725585938
0.0039048194885253906
0.0019156932830810547
0.0018160343170166016
0.0015330314636230469
0.002029895782470703
0.002204418182373047
0.0015864372253417969
0.0015156269073486328
0.0016567707061767578
0.0016095638275146484
0.0015950202941894531
0.0017294883728027344
0.002308368682861328
0.0015442371368408203
0.0015881061553955078
0.0023183822631835938
0.0014896392822265625
0.0018360614776611328
0.0018279552459716797
0.0018439292907714844
0.0021452903747558594
0.0019068717956542969
0.0015633106231689453
0.0022711753845214844
0.04703831672668457
0.0018415451049804688
0.0020580291748046875
0.0014801025390625
0.0017769336700439453
0.001760244369506836
0.0021944046020507812
0.0016741752624511719
0.0021622180938720703
0.0019559860229492188
0.002096414566040039
0.0020110607147216797
0.0016143321990966797
0.0015006065368652344
0.0016033649444580078
0.0021610260009765625
0.0018720626831054688
0.0019207000732421875
0.0021009445190429688
0.0020384788513183594
0.002027750015258789
0.00191497802734375
0.0018291473388671875
0.001875162124633789
0.002694845199584961
0.0013794898986816406
0.0013036727905273438
0.0015299320220947266
0.001729726791381836
0.0020437240600585938
0.0017483234405517578
0.011078357696533203
0.0016374588012695312
0.0018570423126220703
0.0031528472900390625
0.0017588138580322266
0.0016775131225585938
0.002190113067626953
0.003840923309326172
0.0014491081237792969
0.0017502307891845703
0.0015077590942382812
0.0016987323760986328
0.015090227127075195
0.0015521049499511719
0.002149820327758789
0.0018510818481445312
0.0013539791107177734
0.0020275115966796875
0.0013492107391357422
0.0017516613006591797
0.0015301704406738281
0.001458883285522461
0.0027132034301757812
0.001486063003540039
0.0015902519226074219
0.0015385150909423828
0.0017781257629394531
0.0015232563018798828
0.0014753341674804688
0.001615762710571289
0.0021250247955322266
0.0016033649444580078
0.0014600753784179688
0.001975536346435547
0.0016014575958251953
0.001743316650390625
0.001653909683227539
0.001833200454711914
0.0016736984252929688
0.0022897720336914062
0.0023987293243408203
0.0019364356994628906
0.001974821090698242
0.002106904983520508
0.0028357505798339844
0.0016896724700927734
0.0017483234405517578
0.002040863037109375
0.0015101432800292969
0.0013720989227294922
0.0017583370208740234
0.002031564712524414
0.0015807151794433594
0.0015401840209960938
0.0018014907836914062
0.0015153884887695312
0.0015301704406738281
0.01162409782409668
0.0016372203826904297
0.0025382041931152344
0.0018227100372314453
0.0023679733276367188
0.0017080307006835938
0.001984834671020508
0.0022716522216796875
0.002277374267578125
0.0015723705291748047
0.012210607528686523
0.0014624595642089844
0.0017087459564208984
0.001743316650390625
0.0013530254364013672
0.001750946044921875
0.0016870498657226562
0.0019762516021728516
0.0022411346435546875
0.0015239715576171875
0.0016672611236572266
0.0015673637390136719
0.0021474361419677734
0.0013768672943115234
0.0017309188842773438
0.0017054080963134766
0.002116680145263672
0.0014643669128417969
0.0015103816986083984
0.0016698837280273438
0.0014290809631347656
0.0015845298767089844
0.0015673637390136719
0.004965305328369141
0.0016903877258300781
0.0016214847564697266
0.0014486312866210938
0.0017762184143066406
0.005224704742431641
0.0014984607696533203
0.0015857219696044922
0.0014522075653076172
0.0015177726745605469
0.0017979145050048828
0.0016379356384277344
0.0022153854370117188
0.001348733901977539
0.0015599727630615234
0.002117156982421875
0.001636505126953125
0.0018532276153564453
0.0018687248229980469
0.0016493797302246094
0.001397848129272461
0.0017154216766357422
0.0014629364013671875
0.0014891624450683594
0.0021555423736572266
0.0012536048889160156
0.004025936126708984
0.0014166831970214844
0.003465414047241211
0.0015554428100585938
0.0013730525970458984
0.0025484561920166016
0.0017604827880859375
0.002176046371459961
0.0018739700317382812
0.004992485046386719
0.0017321109771728516
0.0019352436065673828
0.001842498779296875
0.0018215179443359375
0.0018575191497802734
0.0018699169158935547
0.0018012523651123047
0.0014123916625976562
0.01625537872314453
0.0013358592987060547
0.0013992786407470703
0.0016651153564453125
0.001781463623046875
0.042713165283203125
0.0014150142669677734
0.0019292831420898438
0.0019774436950683594
0.010523080825805664
0.0021343231201171875
0.0039215087890625
0.0024156570434570312
0.002349853515625
0.0023598670959472656
0.0027189254760742188
0.002543926239013672
0.0024869441986083984
0.0023038387298583984
0.0015978813171386719
0.003314971923828125
0.002464771270751953
0.00446772575378418
0.001722097396850586
0.004560232162475586
0.002087831497192383
0.0022172927856445312
0.002058744430541992
0.0017881393432617188
0.002044677734375
0.0022580623626708984
0.0035173892974853516
0.002763986587524414
0.0023429393768310547
0.002379894256591797
0.001870870590209961
0.00173187255859375
0.0019195079803466797
0.0020890235900878906
0.0016658306121826172
0.0016040802001953125
0.001821756362915039
0.0019474029541015625
0.003336668014526367
0.003091573715209961
0.0021152496337890625
0.0033223628997802734
0.002582073211669922
0.002098560333251953
0.002120494842529297
0.0020711421966552734
0.0018758773803710938
0.003663301467895508
0.0020666122436523438
0.002458333969116211
0.0025506019592285156
0.002177000045776367
0.0025017261505126953
0.0019779205322265625
0.0018606185913085938
0.0019276142120361328
0.002683401107788086
0.0018682479858398438
0.004579305648803711
0.00164031982421875
0.0017514228820800781
0.0036427974700927734
0.0023758411407470703
0.0021452903747558594
0.0021886825561523438
0.0018715858459472656
0.0015845298767089844
0.001863718032836914
0.0016922950744628906
0.0037827491760253906
0.002115488052368164
0.0019378662109375
0.0021185874938964844
0.0018720626831054688
0.002225160598754883
0.0017566680908203125
0.0017085075378417969
0.0027763843536376953
0.002048492431640625
0.003302335739135742
0.0023479461669921875
0.0021860599517822266
0.0025506019592285156
0.0015609264373779297
0.0019729137420654297
0.0022733211517333984
0.002148866653442383
0.0019383430480957031
0.008274078369140625
0.0016758441925048828
0.0021109580993652344
0.011309623718261719
0.0017910003662109375
0.0030059814453125
0.002294778823852539
0.00238800048828125
0.004554033279418945
0.0022172927856445312
0.0025839805603027344
0.0022361278533935547
0.0018954277038574219
0.002354145050048828
0.0022351741790771484
0.0018393993377685547
0.0016422271728515625
0.002267122268676758
0.002148151397705078
0.002008199691772461
0.0026810169219970703
0.001519918441772461
0.0022835731506347656
0.0019555091857910156
0.0022346973419189453
0.0019526481628417969
0.0020868778228759766
0.0020668506622314453
0.0022056102752685547
0.0018932819366455078
0.0025298595428466797
0.002008676528930664
0.0018436908721923828
0.002321004867553711
0.002219676971435547
0.0019321441650390625
0.0017809867858886719
0.0017414093017578125
0.0017495155334472656
0.0022733211517333984
0.0015995502471923828
0.001987457275390625
0.002404928207397461
0.011197328567504883
0.002416372299194336
0.0019826889038085938
0.0107421875
0.0019440650939941406
0.0020782947540283203
0.0018935203552246094
0.0019860267639160156
0.0034723281860351562
0.0018639564514160156
0.0021944046020507812
0.002744913101196289
0.001505136489868164
0.0024652481079101562
0.002038717269897461
0.012247085571289062
0.0019490718841552734
0.0024356842041015625
0.0016617774963378906
0.0024297237396240234
0.0020542144775390625
0.002338409423828125
0.0016431808471679688
0.0016818046569824219
0.003519296646118164
0.0020287036895751953
0.0019505023956298828
0.002036571502685547
0.0022258758544921875
0.0019435882568359375
0.0018417835235595703
0.0018601417541503906
0.0016918182373046875
0.0018799304962158203
0.016621828079223633
0.003091573715209961
0.021489858627319336
0.002115488052368164
0.0023250579833984375
0.0018062591552734375
0.0018804073333740234
0.0023784637451171875
0.0018842220306396484
0.0018672943115234375
0.00153350830078125
0.0021715164184570312
0.0028471946716308594
0.002135753631591797
0.002307891845703125
0.0015492439270019531
0.006695747375488281
0.0022416114807128906
0.002864837646484375
0.0020110607147216797
0.0019342899322509766
0.001932382583618164
0.002254962921142578
0.002427816390991211
0.002331972122192383
0.001772165298461914
0.0032701492309570312
0.0018372535705566406
0.0021708011627197266
0.0029120445251464844
0.0021104812622070312
0.002565622329711914
0.0022966861724853516
0.0020859241485595703
0.0019190311431884766
0.0027494430541992188
0.0021774768829345703
0.003240823745727539
0.0023665428161621094
0.0017750263214111328
0.0017385482788085938
0.0020036697387695312
0.0022912025451660156
0.002279520034790039
0.0024013519287109375
0.015424013137817383
0.002496004104614258
0.001993417739868164
0.0020258426666259766
0.0020732879638671875
0.0033974647521972656
0.002010345458984375
0.0020303726196289062
0.0017676353454589844
0.0018968582153320312
0.002140522003173828
0.0019419193267822266
0.0023488998413085938
0.0020813941955566406
0.0017421245574951172
0.002778768539428711
0.0018367767333984375
0.001476287841796875
0.0025038719177246094
0.0018417835235595703
0.002275705337524414
0.0022132396697998047
0.0027871131896972656
0.0028219223022460938
0.002475738525390625
0.0022199153900146484
0.0023071765899658203
0.002321004867553711
0.00218963623046875
0.0021386146545410156
0.0022673606872558594
0.0022821426391601562
0.0015044212341308594
0.0018000602722167969
0.001977205276489258
0.0015158653259277344
0.0020520687103271484
0.0019474029541015625
0.0020139217376708984
0.0021944046020507812
0.002538919448852539
0.0015614032745361328
0.002226591110229492
0.008696317672729492
0.002170085906982422
0.002146005630493164
0.002093791961669922
0.0017993450164794922
0.0016951560974121094
0.002279043197631836
0.002360820770263672
0.0030813217163085938
0.001735687255859375
0.0015034675598144531
0.0017921924591064453
0.002546072006225586
0.002106189727783203
0.0014619827270507812
0.0019202232360839844
0.0017719268798828125
0.0016021728515625
0.0030536651611328125
0.0018835067749023438
0.0016851425170898438
0.0016443729400634766
0.0018322467803955078
0.0018417835235595703
0.0029952526092529297
0.0023305416107177734
0.0021829605102539062
0.001766204833984375
0.0017805099487304688
0.002199888229370117
0.002305746078491211
0.0017628669738769531
0.0020720958709716797
0.0024340152740478516
0.0018079280853271484
0.0015447139739990234
0.0019190311431884766
0.003754138946533203
0.002851724624633789
0.0032515525817871094
0.0020296573638916016
0.0021195411682128906
0.00189971923828125
0.010712623596191406
0.0024368762969970703
0.0017459392547607422
0.0017123222351074219
0.0018112659454345703
0.00183868408203125
0.001979827880859375
0.002450704574584961
0.0026972293853759766
0.002584218978881836
0.0023622512817382812
0.0017752647399902344
0.001973867416381836
0.0027723312377929688
0.003003835678100586
0.001828908920288086
0.0021314620971679688
0.002120494842529297
0.0020322799682617188
0.0020041465759277344
0.0017311573028564453
0.0020072460174560547
0.0021059513092041016
0.0016453266143798828
0.0021009445190429688
0.001811981201171875
0.002368450164794922
0.0018265247344970703
0.0025968551635742188
0.0016314983367919922
0.002936124801635742
0.0026853084564208984
0.002905607223510742
0.0035986900329589844
0.003010988235473633
0.002524137496948242
0.002141714096069336
0.002110719680786133
0.0026428699493408203
0.0017850399017333984
0.0022253990173339844
0.001560211181640625
0.0027735233306884766
0.002107858657836914
0.0020799636840820312
0.0017673969268798828
0.0019474029541015625
0.003057241439819336
0.0022034645080566406
0.0014219284057617188
0.002460002899169922
0.0015223026275634766
0.0016634464263916016
0.0021119117736816406
0.002038240432739258
0.0018541812896728516
0.0020363330841064453
0.0020601749420166016
0.0014984607696533203
0.0019061565399169922
0.0020537376403808594
0.0022706985473632812
0.0033397674560546875
0.0021152496337890625
0.002040863037109375
0.0019292831420898438
0.003081798553466797
0.0019409656524658203
0.0021674633026123047
0.002610921859741211
0.0025658607482910156
0.0021829605102539062
0.00223541259765625
0.0030684471130371094
0.0027353763580322266
0.0018970966339111328
0.0019788742065429688
0.0017840862274169922
0.0020265579223632812
0.0018374919891357422
0.002113819122314453
0.00200653076171875
0.002113819122314453
0.0015981197357177734
0.0018045902252197266
0.0015840530395507812
0.001627206802368164
0.0018076896667480469
0.0017971992492675781
0.0015184879302978516
0.0013701915740966797
0.0015609264373779297
0.0016922950744628906
0.0024521350860595703
0.0023539066314697266
0.002427816390991211
0.0020210742950439453
0.0018301010131835938
0.0018877983093261719
0.0022897720336914062
0.001833200454711914
0.0021135807037353516
0.0021376609802246094
0.0028324127197265625
0.001924276351928711
0.0019998550415039062
0.0016930103302001953
0.0017943382263183594
0.0017147064208984375
0.00168609619140625
0.0017173290252685547
0.0016298294067382812
0.0018668174743652344
0.0021872520446777344
0.0020532608032226562
0.002104520797729492
0.0015974044799804688
0.0018999576568603516
0.001890420913696289
0.0018241405487060547
0.0022721290588378906
0.0018780231475830078
0.0019037723541259766
0.0018696784973144531
0.0019240379333496094
0.002004384994506836
0.0024480819702148438
0.0017096996307373047
0.0017769336700439453
0.0019228458404541016
0.004529714584350586
0.0020432472229003906
0.001947641372680664
0.0015194416046142578
0.009665489196777344
0.001963376998901367
0.0015559196472167969
0.0018324851989746094
0.0023343563079833984
0.001973867416381836
0.0014798641204833984
0.0043849945068359375
0.0015501976013183594
0.0017402172088623047
0.0015804767608642578
0.001767873764038086
0.0077381134033203125
0.0018231868743896484
0.0017654895782470703
0.0020651817321777344
0.0018811225891113281
0.0018911361694335938
0.0021224021911621094
0.0022602081298828125
0.0014836788177490234
0.001814126968383789
0.0016756057739257812
0.005908012390136719
0.002216339111328125
0.002969980239868164
0.0019888877868652344
0.001646280288696289
0.0022978782653808594
0.0015664100646972656
0.0017027854919433594
0.0014984607696533203
0.0018658638000488281
0.0018017292022705078
0.0017426013946533203
0.0017459392547607422
0.0018467903137207031
0.0042421817779541016
0.0018558502197265625
0.002058267593383789
0.0025517940521240234
0.0017635822296142578
0.001676321029663086
0.0015912055969238281
0.0017199516296386719
0.0017817020416259766
0.0019795894622802734
0.0025055408477783203
0.0017817020416259766
0.005936145782470703
0.0014965534210205078
0.002131223678588867
0.0016431808471679688
0.001607656478881836
0.0014929771423339844
0.0021905899047851562
0.0017292499542236328
0.0016078948974609375
0.0020177364349365234
0.0014052391052246094
0.0020546913146972656
0.0023560523986816406
0.0017726421356201172
0.002102375030517578
0.0018801689147949219
0.0017082691192626953
0.0016210079193115234
0.0015828609466552734
0.001611471176147461
0.0017704963684082031
0.0016446113586425781
0.0023217201232910156
0.002013683319091797
0.0065555572509765625
0.0020821094512939453
0.0014598369598388672
0.0014164447784423828
0.001683950424194336
0.0014657974243164062
0.00160980224609375
0.0019524097442626953
0.0036177635192871094
0.001486063003540039
0.0020101070404052734
0.0017428398132324219
0.0016863346099853516
0.0016605854034423828
0.001497030258178711
0.0015690326690673828
0.001584768295288086
0.0018508434295654297
0.0014939308166503906
0.0020074844360351562
0.0015196800231933594
0.0015687942504882812
0.0018472671508789062
0.0019364356994628906
0.0017576217651367188
0.001542806625366211
0.0016872882843017578
0.0019192695617675781
0.0025513172149658203
0.0019333362579345703
0.0021843910217285156
0.001705169677734375
0.00136566162109375
0.0025157928466796875
0.0019011497497558594
0.0014870166778564453
0.0017852783203125
0.0019307136535644531
0.0017421245574951172
0.0018169879913330078
0.0018312931060791016
0.0015323162078857422
0.0017817020416259766
0.001543283462524414
0.0017838478088378906
0.0018100738525390625
0.001967906951904297
0.0016303062438964844
0.0021927356719970703
0.001739501953125
0.0016896724700927734
0.0017094612121582031
0.0017044544219970703
0.002698183059692383
0.0021216869354248047
0.0015048980712890625
0.0024454593658447266
0.0026695728302001953
0.0016987323760986328
0.0022149085998535156
0.001749277114868164
0.0020933151245117188
0.002742767333984375
0.001516580581665039
0.001705169677734375
0.0014495849609375
0.0016880035400390625
0.001961231231689453
0.0015680789947509766
0.0016527175903320312
0.0015461444854736328
0.002126932144165039
0.001821756362915039
0.0015168190002441406
0.0018422603607177734
0.0018990039825439453
0.0015246868133544922
0.0017316341400146484
0.001699209213256836
0.0016214847564697266
0.0019478797912597656
0.001987934112548828
0.0017752647399902344
0.003350496292114258
0.0018041133880615234
0.0016815662384033203
0.0015594959259033203
0.0033576488494873047
0.0015323162078857422
0.0017535686492919922
0.0017876625061035156
0.0016927719116210938
0.001863241195678711
0.0019540786743164062
0.0018205642700195312
0.002066373825073242
0.0018105506896972656
0.001649618148803711
0.0030574798583984375
0.001873016357421875
0.0015902519226074219
0.0016491413116455078
0.0016217231750488281
0.0018415451049804688
0.0021321773529052734
0.0017588138580322266
0.019799470901489258
0.0021276473999023438
0.006888628005981445
0.001720428466796875
0.002211332321166992
0.001547098159790039
0.0016570091247558594
0.001458883285522461
0.0019598007202148438
0.002203226089477539
0.0017292499542236328
0.0022013187408447266
0.002718687057495117
0.0016162395477294922
0.0019021034240722656
0.006621360778808594
0.002073049545288086
0.0017766952514648438
0.0019497871398925781
0.001953601837158203
0.0020270347595214844
0.001972198486328125
0.0015947818756103516
0.0017962455749511719
0.017067670822143555
0.003894329071044922
0.0017056465148925781
0.0018262863159179688
0.0017642974853515625
0.0015065670013427734
0.0017991065979003906
0.0027201175689697266
0.005002260208129883
0.002658367156982422
0.0017135143280029297
0.0025174617767333984
0.0018150806427001953
0.00249481201171875
0.0018966197967529297
0.0020287036895751953
0.0019385814666748047
0.0018360614776611328
0.0018537044525146484
0.0025911331176757812
0.002239704132080078
0.0031180381774902344
0.001741647720336914
0.0017437934875488281
0.0020263195037841797
0.0019278526306152344
0.001714944839477539
0.0016813278198242188
0.0017070770263671875
0.0019354820251464844
0.0016908645629882812
0.0032978057861328125
0.0020263195037841797
0.002142190933227539
0.001890420913696289
0.0019674301147460938
0.0028977394104003906
0.001863718032836914
0.005590200424194336
0.0019578933715820312
0.0016710758209228516
0.0020236968994140625
0.0018894672393798828
0.0016469955444335938
0.0017316341400146484
0.002062082290649414
0.0018773078918457031
0.0016062259674072266
0.0021293163299560547
0.0018434524536132812
0.0018351078033447266
0.0018186569213867188
0.002240419387817383
0.0020530223846435547
0.002161264419555664
0.0020966529846191406
0.0016503334045410156
0.001584768295288086
0.0015206336975097656
0.0016095638275146484
0.0018105506896972656
0.002102375030517578
0.002449512481689453
0.018009424209594727
0.0021305084228515625
0.00203704833984375
0.0015659332275390625
0.0018115043640136719
0.0016777515411376953
0.001890420913696289
0.001965761184692383
0.0018341541290283203
0.0018475055694580078
0.002788543701171875
0.0019526481628417969
0.001871347427368164
0.0036525726318359375
0.0024666786193847656
0.005624294281005859
0.002485036849975586
0.001932382583618164
0.0019834041595458984
0.001966714859008789
0.0015611648559570312
0.0016262531280517578
0.0015149116516113281
0.0013892650604248047
0.0016703605651855469
0.0021970272064208984
0.001714944839477539
0.0019927024841308594
0.0019307136535644531
0.0017278194427490234
0.0016367435455322266
0.0021042823791503906
0.0015370845794677734
0.007089853286743164
0.001955747604370117
0.0017139911651611328
0.0019156932830810547
0.015195846557617188
0.001531839370727539
0.0019326210021972656
0.001813650131225586
0.0015721321105957031
0.001669168472290039
0.0018491744995117188
0.0015931129455566406
0.0015842914581298828
0.002073049545288086
0.0016314983367919922
0.002283334732055664
0.0020148754119873047
0.0017049312591552734
0.002753734588623047
0.0016560554504394531
0.0014579296112060547
0.0013713836669921875
0.0017971992492675781
0.0019440650939941406
0.0019178390502929688
0.004672050476074219
0.0017020702362060547
0.0016713142395019531
0.0014965534210205078
0.002254962921142578
0.0019047260284423828
0.0023860931396484375
0.0018813610076904297
0.002426624298095703
0.001661062240600586
0.0019383430480957031
0.002504587173461914
0.0016980171203613281
0.002327442169189453
0.001880645751953125
0.0027692317962646484
0.002276897430419922
0.0021088123321533203
0.0019989013671875
0.0023086071014404297
0.0018143653869628906
0.001806497573852539
0.001939535140991211
0.002423524856567383
0.0017731189727783203
0.002683877944946289
0.0020096302032470703
0.0018000602722167969
0.0037186145782470703
0.0017218589782714844
0.0016989707946777344
0.002911090850830078
0.0017468929290771484
0.0016720294952392578
0.0023775100708007812
0.0022704601287841797
0.0020227432250976562
0.0018851757049560547
0.0026373863220214844
0.0023593902587890625
0.0022153854370117188
0.00194549560546875
0.0017235279083251953
0.0037398338317871094
0.0026009082794189453
0.0018970966339111328
0.002204418182373047
0.002722024917602539
0.0017046928405761719
0.0019683837890625
0.002210855484008789
0.002039194107055664
0.0020880699157714844
0.0017650127410888672
0.0025844573974609375
0.003679513931274414
0.001961946487426758
0.002806425094604492
0.002214670181274414
0.003021240234375
0.0021517276763916016
0.0036678314208984375
0.0015749931335449219
0.002300262451171875
0.0019216537475585938
0.004574298858642578
0.003317117691040039
0.0037424564361572266
0.002324819564819336
0.023459672927856445
0.012269258499145508
0.002498626708984375
0.0019199848175048828
0.0019066333770751953
0.0030477046966552734
0.005487203598022461
0.0015423297882080078
0.0022177696228027344
0.0018377304077148438
0.0018341541290283203
0.0017650127410888672
0.001956462860107422
0.0018849372863769531
0.0016529560089111328
0.0018813610076904297
0.0016202926635742188
0.0024230480194091797
0.002072572708129883
0.0024673938751220703
0.0022437572479248047
0.0019381046295166016
0.00354766845703125
0.0018150806427001953
0.0021195411682128906
0.0020241737365722656
0.0015842914581298828
0.0019431114196777344
0.0018761157989501953
0.031533241271972656
0.001956939697265625
0.0021529197692871094
0.0019025802612304688
0.0022025108337402344
0.00218963623046875
0.0020787715911865234
0.0020020008087158203
0.0018641948699951172
0.0020394325256347656
0.0018391609191894531
0.0018384456634521484
0.0017466545104980469
0.0016512870788574219
0.001626729965209961
0.002250194549560547
0.0026731491088867188
0.0023186206817626953
0.0030345916748046875
0.00186920166015625
0.0019195079803466797
0.0016748905181884766
0.0032880306243896484
0.0019376277923583984
0.0014102458953857422
0.0022423267364501953
0.0016036033630371094
0.0015637874603271484
0.002789020538330078
0.002058267593383789
0.0024335384368896484
0.0030663013458251953
0.002862691879272461
0.0018355846405029297
0.0020401477813720703
0.001890420913696289
0.0022237300872802734
0.002533435821533203
0.0021615028381347656
0.001703023910522461
0.002046823501586914
0.0015742778778076172
0.0018260478973388672
0.0017695426940917969
0.001986980438232422
0.002079010009765625
0.0015132427215576172
0.0017609596252441406
0.0016930103302001953
0.0019445419311523438
0.0021288394927978516
0.002056598663330078
0.0034372806549072266
0.0018756389617919922
0.0021746158599853516
0.002435922622680664
0.014453411102294922
0.001956939697265625
0.0016968250274658203
0.0034410953521728516
0.0020966529846191406
0.0017418861389160156
0.0025281906127929688
0.0017027854919433594
0.0022301673889160156
0.0018482208251953125
0.0017001628875732422
0.0021767616271972656
0.020679712295532227
0.0015530586242675781
0.012115001678466797
0.0040280818939208984
0.0013904571533203125
0.001499176025390625
0.0022673606872558594
0.028158187866210938
0.0018281936645507812
0.0019414424896240234
0.0015723705291748047
0.013042926788330078
0.0018482208251953125
0.0018947124481201172
0.0020384788513183594
0.0018007755279541016
0.0017173290252685547
0.0017595291137695312
0.0018608570098876953
0.0017404556274414062
0.00235748291015625
0.001947164535522461
0.002120494842529297
0.0025551319122314453
0.0025339126586914062
0.0021238327026367188
0.002937793731689453
0.0019075870513916016
0.006175518035888672
0.002094268798828125
0.0026216506958007812
0.0016169548034667969
0.0022263526916503906
0.002505064010620117
0.002073049545288086
0.0018210411071777344
0.0034151077270507812
0.0017588138580322266
0.001504659652709961
0.011914730072021484
0.002676248550415039
0.0021283626556396484
0.0030782222747802734
0.0028679370880126953
0.002036571502685547
0.015223503112792969
0.001432180404663086
0.0015108585357666016
0.001390218734741211
0.0024242401123046875
0.004580020904541016
0.002367258071899414
0.0019097328186035156
0.001667022705078125
0.0017058849334716797
0.0022072792053222656
0.0019257068634033203
0.0016484260559082031
0.002705812454223633
0.0018341541290283203
0.0020453929901123047
0.002232789993286133
0.0034711360931396484
0.0065767765045166016
0.0027344226837158203
0.0024843215942382812
0.002101421356201172
0.0035178661346435547
0.0017101764678955078
0.0017852783203125
0.001898050308227539
0.0016961097717285156
0.0018510818481445312
0.0015218257904052734
0.001961231231689453
0.0018990039825439453
0.0019659996032714844
0.0021486282348632812
0.002077341079711914
0.0018262863159179688
0.0016665458679199219
0.0026683807373046875
0.0018305778503417969
0.0029075145721435547
0.0019407272338867188
0.0029420852661132812
0.002050638198852539
0.001821756362915039
0.0020322799682617188
0.0017323493957519531
0.0018310546875
0.004316568374633789
0.0016605854034423828
0.001961231231689453
0.0031890869140625
0.0020303726196289062
0.0015871524810791016
0.002364635467529297
0.0022530555725097656
0.002071857452392578
0.001722097396850586
0.0021660327911376953
0.008022069931030273
0.00164794921875
0.0030364990234375
0.0014607906341552734
0.0018236637115478516
0.0021774768829345703
0.0025856494903564453
0.0019102096557617188
0.0020422935485839844
0.005931377410888672
0.002074003219604492
0.0015139579772949219
0.0036962032318115234
0.002640962600708008
0.0018241405487060547
0.0016734600067138672
0.0019345283508300781
0.0017066001892089844
0.002371549606323242
0.0029191970825195312
0.0017430782318115234
0.002099275588989258
0.0020661354064941406
0.0020787715911865234
0.0022001266479492188
0.0019376277923583984
0.0018811225891113281
0.001989126205444336
0.002151012420654297
0.008652210235595703
0.0023450851440429688
0.0028731822967529297
0.0017514228820800781
0.0017478466033935547
0.0020737648010253906
0.0021820068359375
0.0021398067474365234
0.001967906951904297
0.001552581787109375
0.0017800331115722656
0.002270221710205078
0.0024645328521728516
0.0018832683563232422
0.0026035308837890625
0.002676248550415039
0.002133607864379883
0.0022897720336914062
0.002110719680786133
0.002187490463256836
0.0016248226165771484
0.0021800994873046875
0.0020990371704101562
0.0019407272338867188
0.0018756389617919922
0.0019230842590332031
0.0029001235961914062
0.0016086101531982422
0.001333475112915039
0.0018076896667480469
0.0017580986022949219
0.0031049251556396484
0.0019469261169433594
0.0021181106567382812
0.0017116069793701172
0.0021829605102539062
0.0019915103912353516
0.004561424255371094
0.0016322135925292969
0.0017805099487304688
0.0019664764404296875
0.004219532012939453
0.0025794506072998047
0.0018916130065917969
0.002413034439086914
0.0020856857299804688
0.002798318862915039
0.0023064613342285156
0.001970052719116211
0.0018699169158935547
0.00703740119934082
0.002029895782470703
0.0024116039276123047
0.001628875732421875
0.002093076705932617
0.002156496047973633
0.0021142959594726562
0.0032317638397216797
0.015132427215576172
0.0022971630096435547
0.0027055740356445312
0.002349853515625
0.002399444580078125
0.0018012523651123047
0.002294301986694336
0.0018591880798339844
0.0015070438385009766
0.0018351078033447266
0.0025582313537597656
0.002096891403198242
0.0020334720611572266
0.0022945404052734375
0.0020668506622314453
0.0024862289428710938
0.0017731189727783203
0.0017943382263183594
0.001535177230834961
0.001956939697265625
0.0023131370544433594
0.002130746841430664
0.0020151138305664062
0.0020215511322021484
0.0018951892852783203
0.002003192901611328
0.001957416534423828
0.0020694732666015625
0.0046541690826416016
0.0019876956939697266
0.002052783966064453
0.0017838478088378906
0.0017657279968261719
0.0018150806427001953
0.0018544197082519531
0.0021228790283203125
0.0034079551696777344
0.0018100738525390625
0.007975101470947266
0.0020284652709960938
0.0021772384643554688
0.00267791748046875
0.0017070770263671875
0.0021839141845703125
0.0025305747985839844
0.002044677734375
0.0017545223236083984
0.0020210742950439453
0.0027642250061035156
0.002097606658935547
0.0022656917572021484
0.0017774105072021484
0.002026796340942383
0.0017244815826416016
0.002020120620727539
0.0019338130950927734
0.0025229454040527344
0.0029821395874023438
0.0017154216766357422
0.0022606849670410156
0.002353668212890625
0.0021114349365234375
0.0022118091583251953
0.002191305160522461
0.0018303394317626953
0.0021021366119384766
0.002240419387817383
0.0015616416931152344
0.0016355514526367188
0.0023527145385742188
0.0018410682678222656
0.0016820430755615234
0.002187967300415039
0.0019617080688476562
0.0025484561920166016
0.0015497207641601562
0.0017418861389160156
0.020963430404663086
0.0018138885498046875
0.0014913082122802734
0.002365589141845703
0.0017600059509277344
0.0020885467529296875
0.0017113685607910156
0.0020325183868408203
0.0016336441040039062
0.0015120506286621094
0.0017991065979003906
0.0019333362579345703
0.0015230178833007812
0.0016019344329833984
0.001986980438232422
0.0029687881469726562
0.0018970966339111328
0.0020151138305664062
0.0017895698547363281
0.0020754337310791016
0.0018012523651123047
0.0025985240936279297
0.0018877983093261719
0.002276182174682617
0.0018627643585205078
0.0019032955169677734
0.0018336772918701172
0.0018379688262939453
0.0021369457244873047
0.0017514228820800781
0.002161264419555664
0.0019328594207763672
0.002007007598876953
0.002095937728881836
0.0019314289093017578
0.0017077922821044922
0.0019032955169677734
0.001859426498413086
0.003299236297607422
0.0018467903137207031
0.002332925796508789
0.001984834671020508
0.001766204833984375
0.0019364356994628906
0.004757881164550781
0.0017306804656982422
0.0020606517791748047
0.001806020736694336
0.0019795894622802734
0.0020055770874023438
0.0018804073333740234
0.0018138885498046875
0.0017819404602050781
0.0023071765899658203
0.0033271312713623047
0.001969575881958008
0.0020241737365722656
0.0018489360809326172
0.0021975040435791016
0.0015337467193603516
0.0018897056579589844
0.0019462108612060547
0.0021157264709472656
0.0022211074829101562
0.0019752979278564453
0.0020456314086914062
0.001718759536743164
0.0017871856689453125
0.0021631717681884766
0.0014739036560058594
0.0018227100372314453
0.0018143653869628906
0.002131938934326172
0.001871347427368164
0.0017476081848144531
0.0025801658630371094
0.0014848709106445312
0.002822399139404297
0.0017304420471191406
0.0017533302307128906
0.0021240711212158203
0.001714944839477539
0.0015938282012939453
0.0015826225280761719
0.0015392303466796875
0.0018754005432128906
0.0018706321716308594
0.0024471282958984375
0.001950979232788086
0.0023641586303710938
0.0017132759094238281
0.0016794204711914062
0.001817464828491211
0.001737833023071289
0.0017669200897216797
0.0014033317565917969
0.0020732879638671875
0.001649618148803711
0.001980304718017578
0.0019986629486083984
0.0018706321716308594
0.0015506744384765625
0.0014698505401611328
0.0016865730285644531
0.0017964839935302734
0.0015311241149902344
0.001706838607788086
0.0016887187957763672
0.001819610595703125
0.0014145374298095703
0.002430438995361328
0.0018465518951416016
0.0016803741455078125
0.0014851093292236328
0.0026946067810058594
0.001619577407836914
0.0017292499542236328
0.0017139911651611328
0.0021305084228515625
0.0017359256744384766
0.0015408992767333984
0.0016264915466308594
0.0016820430755615234
0.0016467571258544922
0.0020346641540527344
0.0017964839935302734
0.0029838085174560547
0.002110719680786133
0.0015549659729003906
0.0019314289093017578
0.0020575523376464844
0.0018973350524902344
0.0018458366394042969
0.002218008041381836
0.001800537109375
0.003607034683227539
0.0031616687774658203
0.00194549560546875
0.0018682479858398438
0.002128124237060547
0.001659393310546875
0.0024709701538085938
0.0020339488983154297
0.0030667781829833984
0.0021209716796875
0.002471923828125
0.0019037723541259766
0.002028226852416992
0.0018258094787597656
0.0017848014831542969
0.0028574466705322266
0.0019047260284423828
0.001695871353149414
0.0017423629760742188
0.0021598339080810547
0.0020689964294433594
0.0017571449279785156
0.002228260040283203
0.001447439193725586
0.0016071796417236328
0.0017189979553222656
0.002263307571411133
0.0019605159759521484
0.0024013519287109375
0.003130674362182617
0.0018010139465332031
0.0019125938415527344
0.0018990039825439453
0.0016765594482421875
0.0015976428985595703
0.001644134521484375
0.0024042129516601562
0.0017154216766357422
0.0017464160919189453
0.0029137134552001953
0.0015919208526611328
0.0016160011291503906
0.0019388198852539062
0.0017542839050292969
0.002173185348510742
0.0017266273498535156
0.0015985965728759766
0.0018947124481201172
0.0015060901641845703
0.0017745494842529297
0.0014929771423339844
0.0016245841979980469
0.0017385482788085938
0.0017902851104736328
0.0017364025115966797
0.0022077560424804688
0.0018286705017089844
0.0015749931335449219
0.0026712417602539062
0.0016562938690185547
0.001961946487426758
0.0022041797637939453
0.0017848014831542969
0.0016050338745117188
0.0019235610961914062
0.00164031982421875
0.0017490386962890625
0.0018761157989501953
0.0018296241760253906
0.0016913414001464844
0.0016982555389404297
0.0020956993103027344
0.0015079975128173828
0.0018537044525146484
0.0017976760864257812
0.002245187759399414
0.0014834403991699219
0.002088785171508789
0.0019011497497558594
0.001809835433959961
0.022253036499023438
0.0018148422241210938
0.001699209213256836
0.002093791961669922
0.0016372203826904297
0.0020334720611572266
0.0020406246185302734
0.0016202926635742188
0.0018129348754882812
0.0021238327026367188
0.001934051513671875
0.001531839370727539
0.0017824172973632812
0.0021152496337890625
0.0017371177673339844
0.0025720596313476562
0.0019102096557617188
0.0016973018646240234
0.0016944408416748047
0.0016117095947265625
0.0016303062438964844
0.0017867088317871094
0.0016357898712158203
0.0018913745880126953
0.001756429672241211
0.0021352767944335938
0.0018908977508544922
0.0014667510986328125
0.0016646385192871094
0.002117156982421875
0.0016603469848632812
0.0015559196472167969
0.002806425094604492
0.0015304088592529297
0.011699199676513672
0.0014696121215820312
0.001918792724609375
0.002105712890625
0.001558065414428711
0.0015642642974853516
0.0016028881072998047
0.007940053939819336
0.0016758441925048828
0.0019342899322509766
0.0016167163848876953
0.0015604496002197266
0.0022118091583251953
0.001772165298461914
0.0028781890869140625
0.010907888412475586
0.004039764404296875
0.0017657279968261719
0.0022864341735839844
0.0017690658569335938
0.0017178058624267578
0.0016603469848632812
0.0015904903411865234
0.0014584064483642578
0.0016276836395263672
0.0016057491302490234
0.0017740726470947266
0.0019445419311523438
0.001878499984741211
0.0018451213836669922
0.0019268989562988281
0.0017731189727783203
0.0015895366668701172
0.0018191337585449219
0.002005338668823242
0.0016224384307861328
0.0017325878143310547
0.0015251636505126953
0.0016570091247558594
0.00260162353515625
0.0015149116516113281
0.0015087127685546875
0.0015804767608642578
0.0015869140625
0.001573324203491211
0.002157449722290039
0.0016870498657226562
0.004578113555908203
0.0020999908447265625
0.002311229705810547
0.0015637874603271484
0.0019876956939697266
0.001957416534423828
0.0020110607147216797
0.004076719284057617
0.0022296905517578125
0.001817464828491211
0.001750946044921875
0.0023031234741210938
0.002019643783569336
0.002157926559448242
0.0016782283782958984
0.0017518997192382812
0.00167083740234375
0.002264261245727539
0.0016033649444580078
0.0017142295837402344
0.01634502410888672
0.0021631717681884766
0.001779317855834961
0.002398967742919922
0.008109807968139648
0.0020487308502197266
0.0015494823455810547
0.0017604827880859375
0.0017430782318115234
0.002081155776977539
0.0015604496002197266
0.0017352104187011719
0.0015184879302978516
0.0015726089477539062
0.0015687942504882812
0.0015282630920410156
0.0017414093017578125
0.0015740394592285156
0.002076864242553711
0.001781463623046875
0.0015711784362792969
0.0020380020141601562
0.0022132396697998047
0.0016031265258789062
0.0100860595703125
0.0017931461334228516
0.0015361309051513672
0.0015480518341064453
0.0015666484832763672
0.002032041549682617
0.0026628971099853516
0.001543283462524414
0.0015218257904052734
0.0022525787353515625
0.0015604496002197266
0.0019309520721435547
0.001712799072265625
0.0016853809356689453
0.0015788078308105469
0.0018224716186523438
0.0019054412841796875
0.0018315315246582031
0.0017366409301757812
0.00185394287109375
0.0016283988952636719
0.0015828609466552734
0.0034949779510498047
0.0016694068908691406
0.0016241073608398438
0.0018618106842041016
0.006895303726196289
0.001661539077758789
0.0016241073608398438
0.0019192695617675781
0.0033402442932128906
0.0023603439331054688
0.0015707015991210938
0.0017445087432861328
0.001886606216430664
0.00156402587890625
0.001527547836303711
0.0015077590942382812
0.0014851093292236328
0.0018475055694580078
0.0016033649444580078
0.001519918441772461
0.002412080764770508
0.0025784969329833984
0.002705097198486328
0.0015163421630859375
0.0024428367614746094
0.002928495407104492
0.0022916793823242188
0.00243377685546875
0.0018515586853027344
0.002086162567138672
0.0018703937530517578
0.0014960765838623047
0.0017423629760742188
0.0016865730285644531
0.001668691635131836
0.002773761749267578
0.002870798110961914
0.0016415119171142578
0.0017752647399902344
0.0019893646240234375
0.002103090286254883
0.0025446414947509766
0.0017926692962646484
0.002001047134399414
0.0019199848175048828
0.0020775794982910156
0.001695394515991211
0.0017812252044677734
0.0017974376678466797
0.0029985904693603516
0.0024633407592773438
0.0020990371704101562
0.0022745132446289062
0.0021495819091796875
0.002022266387939453
0.00203704833984375
0.0017986297607421875
0.0015664100646972656
0.0019309520721435547
0.001691579818725586
0.0018095970153808594
0.0018291473388671875
0.0015716552734375
0.0016565322875976562
0.03750967979431152
0.0016703605651855469
0.0017435550689697266
0.0014998912811279297
0.0015909671783447266
0.0014929771423339844
0.0017230510711669922
0.0016281604766845703
0.0016334056854248047
0.001745462417602539
0.001575469970703125
0.0018591880798339844
0.0019731521606445312
0.0019516944885253906
0.0018241405487060547
0.0016741752624511719
0.0019681453704833984
0.0018761157989501953
0.0018169879913330078
0.0014200210571289062
0.0013492107391357422
0.0014569759368896484
0.0017728805541992188
0.0019006729125976562
0.001817464828491211
0.0015180110931396484
0.0019071102142333984
0.0018610954284667969
0.0016591548919677734
0.0018703937530517578
0.0016531944274902344
0.002081155776977539
0.0017385482788085938
0.0018353462219238281
0.0016391277313232422
0.001499176025390625
0.0017371177673339844
0.001722097396850586
0.0016851425170898438
0.00197601318359375
0.0019502639770507812
0.0016760826110839844
0.0018296241760253906
0.0017681121826171875
0.0016751289367675781
0.001707315444946289
0.0016322135925292969
0.0018169879913330078
0.007945775985717773
0.0018992424011230469
0.0017690658569335938
0.001856088638305664
0.0018444061279296875
0.001619577407836914
0.0019910335540771484
0.0017657279968261719
0.0032548904418945312
0.0032701492309570312
0.0023789405822753906
0.002149820327758789
0.0018291473388671875
0.0018427371978759766
0.0022487640380859375
0.0024650096893310547
0.0023910999298095703
0.00214385986328125
0.0021276473999023438
0.003122091293334961
0.0019598007202148438
0.0016481876373291016
0.002317667007446289
0.0018663406372070312
0.0016283988952636719
0.0043222904205322266
0.002196788787841797
0.002241373062133789
0.0028765201568603516
0.002969980239868164
0.0021619796752929688
0.0017611980438232422
0.002090930938720703
0.0036468505859375
0.002046823501586914
0.003674030303955078
0.0025529861450195312
0.005285501480102539
0.003212451934814453
0.002317190170288086
0.0023772716522216797
0.0023429393768310547
0.0023000240325927734
0.0022077560424804688
0.002693653106689453
0.0023369789123535156
0.0019822120666503906
0.0019364356994628906
0.002009868621826172
0.002135753631591797
0.011288166046142578
0.0030188560485839844
0.0026292800903320312
0.0017805099487304688
0.0017998218536376953
0.0016105175018310547
0.0019559860229492188
0.0017533302307128906
0.0020933151245117188
0.002039194107055664
0.002260446548461914
0.0023729801177978516
0.0018672943115234375
0.0019927024841308594
0.003634929656982422
0.0034770965576171875
0.0032460689544677734
0.002122163772583008
0.0018663406372070312
0.001943826675415039
0.002286195755004883
0.0021696090698242188
0.002789735794067383
0.0019855499267578125
0.002071857452392578
0.0019609928131103516
0.0021049976348876953
0.002393484115600586
0.0017070770263671875
0.0020008087158203125
0.002367734909057617
0.0033278465270996094
0.0021796226501464844
0.001926422119140625
0.0021703243255615234
0.0022399425506591797
0.002232074737548828
0.0018758773803710938
0.002379179000854492
0.002615213394165039
0.0017848014831542969
0.002280712127685547
0.001985311508178711
0.0032236576080322266
0.0027315616607666016
0.0022194385528564453
0.0026578903198242188
0.0032041072845458984
0.0018153190612792969
0.002198934555053711
0.002047300338745117
0.001821756362915039
0.0022423267364501953
0.00363922119140625
0.0021202564239501953
0.0017962455749511719
0.0022852420806884766
0.0024001598358154297
0.0019466876983642578
0.0021314620971679688
0.0019257068634033203
0.00202178955078125
0.0018165111541748047
0.0018439292907714844
0.002103567123413086
0.002010822296142578
0.0017383098602294922
0.0017838478088378906
0.0023818016052246094
0.0022780895233154297
0.0016944408416748047
0.001931905746459961
0.002409219741821289
0.0021212100982666016
0.002176523208618164
0.0022172927856445312
0.0019278526306152344
0.001941680908203125
0.002082347869873047
0.002966642379760742
0.002661466598510742
0.0020596981048583984
0.002507448196411133
0.0018334388732910156
0.0020117759704589844
0.002413511276245117
0.003364086151123047
0.015097856521606445
0.0017876625061035156
0.001943826675415039
0.0015125274658203125
0.006752729415893555
0.0022902488708496094
0.0019299983978271484
0.00168609619140625
0.002204418182373047
0.0020291805267333984
0.002087831497192383
0.0026826858520507812
0.0024628639221191406
0.0015473365783691406
0.0018568038940429688
0.001960277557373047
0.0024225711822509766
0.001811981201171875
0.0019669532775878906
0.0021915435791015625
0.0030517578125
0.002346038818359375
0.0021660327911376953
0.02958989143371582
0.0015630722045898438
0.002157449722290039
0.0021741390228271484
0.0035271644592285156
0.0019114017486572266
0.002285003662109375
0.0017130374908447266
0.004119873046875
0.002207517623901367
0.001968860626220703
0.001649618148803711
0.0016574859619140625
0.0018916130065917969
0.0023801326751708984
0.0022950172424316406
0.002211332321166992
0.0029261112213134766
0.0016834735870361328
0.0019099712371826172
0.0022840499877929688
0.0022847652435302734
0.0018455982208251953
0.0020599365234375
0.002022266387939453
0.0018463134765625
0.00199127197265625
0.0020766258239746094
0.002439260482788086
0.0018172264099121094
0.0030663013458251953
0.0017824172973632812
0.002737283706665039
0.0017082691192626953
0.0017251968383789062
0.002510547637939453
0.0021238327026367188
0.0018842220306396484
0.0019495487213134766
0.0016896724700927734
0.0018625259399414062
0.0020644664764404297
0.0018625259399414062
0.002596616744995117
0.0021636486053466797
0.0024394989013671875
0.0022203922271728516
0.0016751289367675781
0.0017015933990478516
0.0023565292358398438
0.0018644332885742188
0.0018672943115234375
0.0018398761749267578
0.0018887519836425781
0.0015673637390136719
0.001837015151977539
0.002621173858642578
0.0018131732940673828
0.0019025802612304688
0.001779317855834961
0.0023920536041259766
0.001720428466796875
0.002349376678466797
0.0018858909606933594
0.0017156600952148438
0.0017559528350830078
0.0018024444580078125
0.0017085075378417969
0.0019123554229736328
0.002359151840209961
0.0019462108612060547
0.0027055740356445312
0.0016515254974365234
0.0026090145111083984
0.0018851757049560547
0.001973867416381836
0.002588033676147461
0.0020055770874023438
0.0040552616119384766
0.001920461654663086
0.0020949840545654297
0.0018923282623291016
0.0018699169158935547
0.0018429756164550781
0.00196075439453125
0.0023088455200195312
0.002336263656616211
0.002236604690551758
0.0018162727355957031
0.0015704631805419922
0.002035379409790039
0.0019178390502929688
0.0020656585693359375
0.001886129379272461
0.0019345283508300781
0.0025818347930908203
0.002183675765991211
0.001989603042602539
0.0018532276153564453
0.0017342567443847656
0.001901388168334961
0.0018107891082763672
0.0019197463989257812
0.0024611949920654297
0.0024344921112060547
0.00393366813659668
0.0023238658905029297
0.002127408981323242
0.0021131038665771484
0.0022139549255371094
0.002160787582397461
0.001893758773803711
0.0019958019256591797
0.002280712127685547
0.0021982192993164062
0.0020737648010253906
0.0019183158874511719
0.0015873908996582031
0.0020902156829833984
0.0019807815551757812
0.0016286373138427734
0.002124786376953125
0.0018606185913085938
0.0016438961029052734
0.0020287036895751953
0.0020987987518310547
0.0017113685607910156
0.0018737316131591797
0.0018091201782226562
0.0019516944885253906
0.00165557861328125
0.0022122859954833984
0.001659393310546875
0.0019180774688720703
0.001634359359741211
0.0016803741455078125
0.0015804767608642578
0.001636505126953125
0.0019698143005371094
0.001760721206665039
0.001795053482055664
0.002850770950317383
0.0018663406372070312
0.0021212100982666016
0.0020220279693603516
0.0018627643585205078
0.0018723011016845703
0.0019526481628417969
0.0017695426940917969
0.0019102096557617188
0.0025701522827148438
0.0019736289978027344
0.0021920204162597656
0.0017681121826171875
0.0019352436065673828
0.001992940902709961
0.0020177364349365234
0.002829313278198242
0.0018551349639892578
0.0017728805541992188
0.002628326416015625
0.0020999908447265625
0.002459287643432617
0.0016372203826904297
0.0018811225891113281
0.0018417835235595703
0.002476215362548828
0.002880573272705078
0.0016758441925048828
0.0026390552520751953
0.001809835433959961
0.0017085075378417969
0.0018877983093261719
0.02000284194946289
0.0015511512756347656
0.0017628669738769531
0.001741647720336914
0.0017402172088623047
0.0020532608032226562
0.0020787715911865234
0.0017197132110595703
0.0019807815551757812
0.0019047260284423828
0.0018312931060791016
0.0018074512481689453
0.0022363662719726562
0.0018732547760009766
0.0017902851104736328
0.002584218978881836
0.0018510818481445312
0.0017313957214355469
0.0019636154174804688
0.001986980438232422
0.0030241012573242188
0.0016453266143798828
0.0015063285827636719
0.0017242431640625
0.0021352767944335938
0.0018095970153808594
0.0019979476928710938
0.0014286041259765625
0.0019922256469726562
0.0017063617706298828
0.0018405914306640625
0.0016155242919921875
0.0017206668853759766
0.0016722679138183594
0.002042531967163086
0.003081798553466797
0.0016100406646728516
0.003110647201538086
0.003072023391723633
0.0020530223846435547
0.0022211074829101562
0.001836538314819336
0.003030061721801758
0.0029969215393066406
0.002054929733276367
0.001764059066772461
0.0018148422241210938
0.002343893051147461
0.005538225173950195
0.0017421245574951172
0.0019354820251464844
0.002799510955810547
0.0018718242645263672
0.0020599365234375
0.0018754005432128906
0.0020818710327148438
0.0021584033966064453
0.0018630027770996094
0.002029895782470703
0.0021352767944335938
0.0022139549255371094
0.002089977264404297
0.002834320068359375
0.0018486976623535156
0.0016331672668457031
0.0019383430480957031
0.001714944839477539
0.0020627975463867188
0.0017788410186767578
0.001699686050415039
0.001630544662475586
0.0020999908447265625
0.0019211769104003906
0.002978086471557617
0.004037141799926758
0.0017504692077636719
0.002295255661010742
0.0016124248504638672
0.0016863346099853516
0.0017757415771484375
0.002004384994506836
0.001960277557373047
0.001678466796875
0.002215862274169922
0.0016930103302001953
0.002593517303466797
0.002454042434692383
0.0016732215881347656
0.0016145706176757812
0.0017919540405273438
0.0027070045471191406
0.0015826225280761719
0.0020704269409179688
0.002328157424926758
0.0018262863159179688
0.0034775733947753906
0.0027742385864257812
0.004889011383056641
0.001451253890991211
0.0020749568939208984
0.0019698143005371094
0.001691579818725586
0.00173187255859375
0.002433300018310547
0.0018811225891113281
0.0017278194427490234
0.0020558834075927734
0.0023169517517089844
0.002115011215209961
0.0027387142181396484
0.001897573471069336
0.002208709716796875
0.00179290771484375
0.002051830291748047
0.0014598369598388672
0.0015206336975097656
0.0016968250274658203
0.0021653175354003906
0.001959562301635742
0.0023674964904785156
0.0018210411071777344
0.0018610954284667969
0.0016744136810302734
0.0018262863159179688
0.004354715347290039
0.002216815948486328
0.0023915767669677734
0.0017886161804199219
0.0021889209747314453
0.0020411014556884766
0.0018494129180908203
0.002054452896118164
0.0016489028930664062
0.0016560554504394531
0.0020453929901123047
0.0019986629486083984
0.0016257762908935547
0.0016171932220458984
0.0016207695007324219
0.0025157928466796875
0.002028226852416992
0.0019180774688720703
0.003814220428466797
0.0021729469299316406
0.0019030570983886719
0.0015511512756347656
0.0017654895782470703
0.0015954971313476562
0.0017845630645751953
0.0015430450439453125
0.0016601085662841797
0.0018963813781738281
0.0016832351684570312
0.0016787052154541016
0.0015697479248046875
0.0016527175903320312
0.0018115043640136719
0.0016434192657470703
0.0016932487487792969
0.0020132064819335938
0.008604049682617188
0.0021288394927978516
0.0019159317016601562
0.001706838607788086
0.0018880367279052734
0.0020842552185058594
0.001848459243774414
0.0018470287322998047
0.0018868446350097656
0.002310514450073242
0.0017566680908203125
0.0021436214447021484
0.0018503665924072266
0.0015590190887451172
0.0020415782928466797
0.001561880111694336
0.0028676986694335938
0.001621246337890625
0.0019023418426513672
0.0014903545379638672
0.0016608238220214844
0.0016851425170898438
0.0019304752349853516
0.0017962455749511719
0.0014989376068115234
0.016323566436767578
0.0018525123596191406
0.001806020736694336
0.0015485286712646484
0.0017478466033935547
0.0018229484558105469
0.002179384231567383
0.0016689300537109375
0.013841867446899414
0.00177764892578125
0.0018763542175292969
0.0018203258514404297
0.0015244483947753906
0.0023300647735595703
0.0015785694122314453
0.0019025802612304688
0.001971721649169922
0.0015604496002197266
0.0017273426055908203
0.0020270347595214844
0.00967550277709961
0.0016481876373291016
0.0017497539520263672
0.001703023910522461
0.0016908645629882812
0.0020520687103271484
0.002337932586669922
0.0016498565673828125
0.001722097396850586
0.0017604827880859375
0.0016934871673583984
0.0017092227935791016
0.001590728759765625
0.0017123222351074219
0.001676321029663086
0.0017070770263671875
0.001653909683227539
0.001983642578125
0.00917959213256836
0.009335041046142578
0.0016748905181884766
0.0017690658569335938
0.0015785694122314453
0.0014178752899169922
0.0025377273559570312
0.0016024112701416016
0.0016214847564697266
0.0017633438110351562
0.002293109893798828
0.0014688968658447266
0.001558065414428711
0.004305839538574219
0.0017197132110595703
0.0014774799346923828
0.0018448829650878906
0.0016324520111083984
0.0018088817596435547
0.0014958381652832031
0.0016312599182128906
0.0017399787902832031
0.002954244613647461
0.0017116069793701172
0.0016388893127441406
0.0016102790832519531
0.002124309539794922
0.0023412704467773438
0.0013675689697265625
0.0015342235565185547
0.001531362533569336
0.002463102340698242
0.0016789436340332031
0.0017266273498535156
0.0019426345825195312
0.001798868179321289
0.0017426013946533203
0.0016143321990966797
0.002074718475341797
0.0017147064208984375
0.0016446113586425781
0.0016465187072753906
0.0023763179779052734
0.001528024673461914
0.002135038375854492
0.0018072128295898438
0.001516580581665039
0.0013539791107177734
0.0016803741455078125
0.0019016265869140625
0.0014486312866210938
0.0018639564514160156
0.0020902156829833984
0.0017805099487304688
0.0018091201782226562
0.0019936561584472656
0.00176239013671875
0.0019164085388183594
0.001886129379272461
0.002043485641479492
0.0019795894622802734
0.0021011829376220703
0.0021066665649414062
0.0017962455749511719
0.002469778060913086
0.0020787715911865234
0.003497600555419922
0.002096414566040039
0.0020329952239990234
0.0022580623626708984
0.002515554428100586
0.002045154571533203
0.0018112659454345703
0.002410411834716797
0.0023164749145507812
0.002081155776977539
0.0035507678985595703
0.0030345916748046875
0.0027205944061279297
0.002290010452270508
0.002087116241455078
0.001802682876586914
0.002689361572265625
0.002452850341796875
0.0021386146545410156
0.0024347305297851562
0.001958608627319336
0.0021615028381347656
0.0023119449615478516
0.0017199516296386719
0.002095460891723633
0.003017902374267578
0.0018947124481201172
0.006139993667602539
0.001998424530029297
0.002640247344970703
0.0020847320556640625
0.0019731521606445312
0.0023317337036132812
0.0026443004608154297
0.0023424625396728516
0.0026009082794189453
0.0021772384643554688
0.0023353099822998047
0.001974821090698242
0.0023055076599121094
0.0023148059844970703
0.002381563186645508
0.0019118785858154297
0.0031003952026367188
0.0021126270294189453
0.0016171932220458984
0.002279043197631836
0.002648591995239258
0.0016312599182128906
0.00470733642578125
0.001974344253540039
0.0022308826446533203
0.002237558364868164
0.0022411346435546875
0.0022306442260742188
0.003407716751098633
0.002263307571411133
0.002065420150756836
0.002450227737426758
0.0021529197692871094
0.002696514129638672
0.0024976730346679688
0.0019800662994384766
0.0022575855255126953
0.003626585006713867
0.003206014633178711
0.002132415771484375
0.002461671829223633
0.0020294189453125
0.0030269622802734375
0.0016467571258544922
0.004012584686279297
0.0026459693908691406
0.0021495819091796875
0.0019741058349609375
0.014105796813964844
0.002063274383544922
0.0025174617767333984
0.0028166770935058594
0.002286672592163086
0.0023496150970458984
0.0017993450164794922
0.0019016265869140625
0.002070188522338867
0.026674270629882812
0.0022079944610595703
0.0022537708282470703
0.0018143653869628906
0.002330303192138672
0.002154111862182617
0.0018379688262939453
0.0026285648345947266
0.003416299819946289
0.0027124881744384766
0.002031564712524414
0.0023255348205566406
0.0020902156829833984
0.002282857894897461
0.0024251937866210938
0.00238800048828125
0.0016758441925048828
0.002084970474243164
0.0019855499267578125
0.0015003681182861328
0.0030803680419921875
0.002718210220336914
0.002567291259765625
0.0020084381103515625
0.001953601837158203
0.0021216869354248047
0.0018343925476074219
0.0030012130737304688
0.002458333969116211
0.0019123554229736328
0.0015025138854980469
0.0017228126525878906
0.0014622211456298828
0.0017125606536865234
0.0030057430267333984
0.0027031898498535156
0.002262592315673828
0.0017673969268798828
0.0022978782653808594
0.0015571117401123047
0.0023584365844726562
0.001476287841796875
0.0019385814666748047
0.0013546943664550781
0.0017228126525878906
0.0015459060668945312
0.001987457275390625
0.0018575191497802734
0.0020568370819091797
0.001840829849243164
0.002162456512451172
0.002009868621826172
0.0027158260345458984
0.0020744800567626953
0.0019459724426269531
0.0021839141845703125
0.0019769668579101562
0.0016596317291259766
0.0022497177124023438
0.0023469924926757812
0.002083301544189453
0.0020210742950439453
0.0020062923431396484
0.0032808780670166016
0.0022134780883789062
0.0021104812622070312
0.002117633819580078
0.002067089080810547
0.0017728805541992188
0.0018062591552734375
0.0019850730895996094
0.001489877700805664
0.0020897388458251953
0.0019948482513427734
0.0019648075103759766
0.0017809867858886719
0.0017380714416503906
0.0022776126861572266
0.0017583370208740234
0.0018951892852783203
0.0024924278259277344
0.002070188522338867
0.0019185543060302734
0.0020630359649658203
0.0019943714141845703
0.002524852752685547
0.0016360282897949219
0.002066373825073242
0.0020151138305664062
0.0017235279083251953
0.0027647018432617188
0.002115964889526367
0.0017838478088378906
0.0019431114196777344
0.002588033676147461
0.0023567676544189453
0.00744175910949707
0.0017848014831542969
0.002066373825073242
0.002268552780151367
0.0021414756774902344
0.001909017562866211
0.0015974044799804688
0.003022909164428711
0.013500213623046875
0.0017728805541992188
0.010297775268554688
0.002112865447998047
0.0023839473724365234
0.0022923946380615234
0.002149343490600586
0.0016856193542480469
0.0021889209747314453
0.0020079612731933594
0.0015778541564941406
0.0017826557159423828
0.0014967918395996094
0.0015141963958740234
0.001386880874633789
0.0036742687225341797
0.002758502960205078
0.0018558502197265625
0.0022764205932617188
0.0013918876647949219
0.0017063617706298828
0.0014994144439697266
0.0021572113037109375
0.0026481151580810547
0.002083301544189453
0.0018210411071777344
0.0019731521606445312
0.0018460750579833984
0.0026786327362060547
0.002055644989013672
0.0020003318786621094
0.003995656967163086
0.001943826675415039
0.0018129348754882812
0.007821321487426758
0.002179384231567383
0.001798868179321289
0.002040386199951172
0.0015833377838134766
0.0025353431701660156
0.0017962455749511719
0.00213623046875
0.0019826889038085938
0.0018608570098876953
0.0021653175354003906
0.0027327537536621094
0.0015888214111328125
0.0019605159759521484
0.0016906261444091797
0.001772165298461914
0.002027273178100586
0.0027158260345458984
0.0028388500213623047
0.002579927444458008
0.001542806625366211
0.002190113067626953
0.001710653305053711
0.0031883716583251953
0.0015988349914550781
0.0023217201232910156
0.001940011978149414
0.0020351409912109375
0.001703023910522461
0.0019483566284179688
0.0016791820526123047
0.0019147396087646484
0.0021309852600097656
0.0018575191497802734
0.00159454345703125
0.0019421577453613281
0.0018219947814941406
0.0018689632415771484
0.0017697811126708984
0.0018050670623779297
0.0024826526641845703
0.0015385150909423828
0.0025179386138916016
0.0019791126251220703
0.0018658638000488281
0.0023882389068603516
0.0021190643310546875
0.0021250247955322266
0.0018131732940673828
0.0020792484283447266
0.002178668975830078
0.001957416534423828
0.0020661354064941406
0.0014920234680175781
0.0023298263549804688
0.0016677379608154297
0.0014662742614746094
0.0015387535095214844
0.0018157958984375
0.001798868179321289
0.001873016357421875
0.0016410350799560547
0.0025577545166015625
0.0023298263549804688
0.0020363330841064453
0.0034754276275634766
0.0019426345825195312
0.0029218196868896484
0.00254058837890625
0.0033507347106933594
0.001800537109375
0.004688262939453125
0.0022552013397216797
0.0025544166564941406
0.001645803451538086
0.0024428367614746094
0.0022652149200439453
0.0018358230590820312
0.0018184185028076172
0.0022258758544921875
0.0016314983367919922
0.0020308494567871094
0.002801656723022461
0.0021479129791259766
0.002077817916870117
0.0018181800842285156
0.002290964126586914
0.002256631851196289
0.0023565292358398438
0.0016505718231201172
0.0016825199127197266
0.001956462860107422
0.024060487747192383
0.0017850399017333984
0.00217437744140625
0.0018837451934814453
0.0020720958709716797
0.0019683837890625
0.0016829967498779297
0.0017049312591552734
0.001753091812133789
0.002063751220703125
0.0018198490142822266
0.0020401477813720703
0.0067462921142578125
0.002118825912475586
0.0020079612731933594
0.0019545555114746094
0.0016064643859863281
0.002010822296142578
0.0015444755554199219
0.002091646194458008
0.0018062591552734375
0.0022728443145751953
0.0019199848175048828
0.0020864009857177734
0.0018725395202636719
0.002282381057739258
0.002475738525390625
0.0017399787902832031
0.0019273757934570312
0.002474069595336914
0.0019485950469970703
0.0018608570098876953
0.003148794174194336
0.0018165111541748047
0.002835988998413086
0.002725362777709961
0.0021965503692626953
0.0018677711486816406
0.0023860931396484375
0.0017957687377929688
0.002536773681640625
0.002554178237915039
0.0018579959869384766
0.0017676353454589844
0.0017113685607910156
0.0018780231475830078
0.0015227794647216797
0.0022814273834228516
0.002022266387939453
0.0018727779388427734
0.0021016597747802734
0.002841949462890625
0.001825094223022461
0.0016105175018310547
0.0016980171203613281
0.0017275810241699219
0.001741170883178711
0.0014600753784179688
0.0014896392822265625
0.0018453598022460938
0.0019097328186035156
0.0018894672393798828
0.0017011165618896484
0.0018048286437988281
0.0019736289978027344
0.0017054080963134766
0.0024061203002929688
0.0017120838165283203
0.001651763916015625
0.0017561912536621094
0.0015647411346435547
0.0017294883728027344
0.0017113685607910156
0.0016756057739257812
0.0017099380493164062
0.002042531967163086
0.002492189407348633
0.0017383098602294922
0.0025315284729003906
0.0015878677368164062
0.001794576644897461
0.001664876937866211
0.0016820430755615234
0.0018908977508544922
0.002273082733154297
0.0018832683563232422
0.001543283462524414
0.0017828941345214844
0.001558542251586914
0.002390146255493164
0.0025653839111328125
0.002355813980102539
0.0016160011291503906
0.0016682147979736328
0.0017027854919433594
0.0016548633575439453
0.0021729469299316406
0.0026907920837402344
0.0019359588623046875
0.0015227794647216797
0.0015976428985595703
0.002006053924560547
0.0017251968383789062
0.0016911029815673828
0.001810312271118164
0.0019037723541259766
0.0016009807586669922
0.0017573833465576172
0.0018916130065917969
0.0021097660064697266
0.0020444393157958984
0.002250194549560547
0.0016303062438964844
0.0015568733215332031
0.0021331310272216797
0.0016126632690429688
0.001621246337890625
0.0019516944885253906
0.0015909671783447266
0.002040863037109375
0.001760721206665039
0.001588582992553711
0.001947641372680664
0.002148151397705078
0.0018301010131835938
0.0017747879028320312
0.00171661376953125
0.0018851757049560547
0.0013921260833740234
0.0018124580383300781
0.0018694400787353516
0.0018897056579589844
0.0019826889038085938
0.001865386962890625
0.002593994140625
0.0016741752624511719
0.002357006072998047
0.001562356948852539
0.0016794204711914062
0.0017383098602294922
0.0016345977783203125
0.0018649101257324219
0.0016808509826660156
0.0018544197082519531
0.0016942024230957031
0.0014696121215820312
0.0020508766174316406
0.0018744468688964844
0.0019202232360839844
0.0017552375793457031
0.009339570999145508
0.001644134521484375
0.002015352249145508
0.0015578269958496094
0.0017733573913574219
0.0018208026885986328
0.0015716552734375
0.0017316341400146484
0.0024733543395996094
0.0018694400787353516
0.0024628639221191406
0.0028166770935058594
0.0028142929077148438
0.0017061233520507812
0.0018682479858398438
0.002240419387817383
0.0018792152404785156
0.0020499229431152344
0.0021529197692871094
0.002042531967163086
0.0020787715911865234
0.0018124580383300781
0.011698246002197266
0.002513408660888672
0.0028705596923828125
0.002064943313598633
0.0016560554504394531
0.0016322135925292969
0.002012968063354492
0.0018200874328613281
0.0013976097106933594
0.0014715194702148438
0.002327442169189453
0.002318143844604492
0.0017993450164794922
0.001825094223022461
0.006788492202758789
0.002526521682739258
0.0019218921661376953
0.0034825801849365234
0.0019702911376953125
0.0019383430480957031
0.0017323493957519531
0.001592397689819336
0.002079010009765625
0.0019369125366210938
0.0013861656188964844
0.001607656478881836
0.001566171646118164
0.0017309188842773438
0.002187490463256836
0.001695871353149414
0.0018973350524902344
0.0015232563018798828
0.0014901161193847656
0.0018966197967529297
0.0030045509338378906
0.00160980224609375
0.0018191337585449219
0.0018475055694580078
0.0018162727355957031
0.002346515655517578
0.0018854141235351562
0.002052783966064453
0.001842498779296875
0.0027403831481933594
0.0014939308166503906
0.0018210411071777344
0.0025491714477539062
0.0016193389892578125
0.003269195556640625
0.0019202232360839844
0.0019004344940185547
0.0019178390502929688
0.0017359256744384766
0.0018742084503173828
0.0021305084228515625
0.0017590522766113281
0.0017058849334716797
0.001706838607788086
0.0017843246459960938
0.0015637874603271484
0.001981019973754883
0.002108335494995117
0.0015921592712402344
0.0014908313751220703
0.001542806625366211
0.0016083717346191406
0.0017707347869873047
0.001500844955444336
0.0015597343444824219
0.001987934112548828
0.0018453598022460938
0.00179290771484375
0.0016312599182128906
0.0018382072448730469
0.002045869827270508
0.0019502639770507812
0.0026574134826660156
0.0015673637390136719
0.0019092559814453125
0.0016965866088867188
0.0016391277313232422
0.002137422561645508
0.0017821788787841797
0.001783609390258789
0.0021429061889648438
0.0018301010131835938
0.0026521682739257812
0.003406524658203125
0.0016276836395263672
0.0014688968658447266
0.0022716522216796875
0.002246856689453125
0.0018603801727294922
0.0017192363739013672
0.002526998519897461
0.0017077922821044922
0.001806497573852539
0.0016679763793945312
0.0017189979553222656
0.0016055107116699219
0.002096414566040039
0.0016186237335205078
0.0015859603881835938
0.0018537044525146484
0.0018608570098876953
0.0014314651489257812
0.0019338130950927734
0.0014121532440185547
0.001692056655883789
0.001833200454711914
0.0018634796142578125
0.001917123794555664
0.0023632049560546875
0.0018193721771240234
0.0018105506896972656
0.002063274383544922
0.0024399757385253906
0.0018804073333740234
0.0021855831146240234
0.001684427261352539
0.002107381820678711
0.002269268035888672
0.001800537109375
0.0016567707061767578
0.0017502307891845703
0.002274036407470703
0.010790109634399414
0.001983165740966797
0.0017447471618652344
0.0014557838439941406
0.0019903182983398438
0.0015859603881835938
0.0019919872283935547
0.0018985271453857422
0.0016474723815917969
0.0026035308837890625
0.004540205001831055
0.0018024444580078125
0.002302408218383789
0.0018711090087890625
0.0018765926361083984
0.0024225711822509766
0.0015265941619873047
0.001833200454711914
0.0017766952514648438
0.0015778541564941406
0.0025930404663085938
0.0021953582763671875
0.002132892608642578
0.001653432846069336
0.0017955303192138672
0.0018773078918457031
0.001674652099609375
0.002017498016357422
0.001789093017578125
0.0017261505126953125
0.0016269683837890625
0.0019123554229736328
0.002353191375732422
0.0017437934875488281
0.0015726089477539062
0.0016999244689941406
0.0026013851165771484
0.0018193721771240234
0.0027070045471191406
0.0017812252044677734
0.00200653076171875
0.0019102096557617188
0.001726388931274414
0.0018260478973388672
0.0017125606536865234
0.0021169185638427734
0.0017180442810058594
0.0017049312591552734
0.0016486644744873047
0.0038640499114990234
0.002871990203857422
0.001760721206665039
0.002084016799926758
0.00167083740234375
0.0017826557159423828
0.0015721321105957031
0.0015244483947753906
0.0016286373138427734
0.0032303333282470703
0.001573801040649414
0.0015594959259033203
0.0016193389892578125
0.0015707015991210938
0.0016400814056396484
0.002415180206298828
0.0018911361694335938
0.0031898021697998047
0.002001047134399414
0.0016503334045410156
0.0019063949584960938
0.002816438674926758
0.002193927764892578
0.0024251937866210938
0.0015952587127685547
0.0024328231811523438
0.0016484260559082031
0.0020101070404052734
0.007415056228637695
0.0021178722381591797
0.0015385150909423828
0.0018270015716552734
0.0016739368438720703
0.0018045902252197266
0.003478527069091797
0.0016677379608154297
0.0019409656524658203
0.0020437240600585938
0.001753091812133789
0.013118505477905273
0.002412080764770508
0.0017116069793701172
0.001804351806640625
0.002089262008666992
0.0017254352569580078
0.0017523765563964844
0.002115964889526367
0.0015749931335449219
0.0017709732055664062
0.0021152496337890625
0.001875162124633789
0.001667022705078125
0.0021791458129882812
0.0019855499267578125
0.0019605159759521484
0.0015873908996582031
0.0019521713256835938
0.0015347003936767578
0.0019221305847167969
0.0015723705291748047
0.0019268989562988281
0.004249095916748047
0.0047779083251953125
0.002950429916381836
0.0016703605651855469
0.0013527870178222656
0.001407623291015625
0.0023317337036132812
0.0017507076263427734
0.00135040283203125
0.0016705989837646484
0.0023260116577148438
0.002190113067626953
0.0020983219146728516
0.0022339820861816406
0.002025127410888672
0.0017681121826171875
0.0021538734436035156
0.0016181468963623047
0.002044200897216797
0.0015745162963867188
0.0020055770874023438
0.0014882087707519531
0.001665353775024414
0.002717733383178711
0.0016193389892578125
0.0018165111541748047
0.0019533634185791016
0.001543283462524414
0.0016741752624511719
0.002123594284057617
0.00249481201171875
0.002026081085205078
0.0015571117401123047
0.001554727554321289
0.0018117427825927734
0.0019230842590332031
0.0018565654754638672
0.0025184154510498047
0.0016832351684570312
0.0019462108612060547
0.0015325546264648438
0.0039825439453125
0.001901388168334961
0.0016887187957763672
0.00185394287109375
0.003516674041748047
0.0015459060668945312
0.002016782760620117
0.0018799304962158203
0.0017366409301757812
0.002242565155029297
0.002076864242553711
0.0020503997802734375
0.0015261173248291016
0.0015749931335449219
0.0018780231475830078
0.0018894672393798828
0.0017223358154296875
0.002694368362426758
0.0015292167663574219
0.016326189041137695
0.002062559127807617
0.002750873565673828
0.001708984375
0.0015861988067626953
0.0015234947204589844
0.0016064643859863281
0.0014753341674804688
0.0014331340789794922
0.002221345901489258
0.0018420219421386719
0.00189208984375
0.0016736984252929688
0.0016512870788574219
0.0015599727630615234
0.0018270015716552734
0.002057313919067383
0.002161741256713867
0.008492469787597656
0.0018877983093261719
0.0018639564514160156
0.0018095970153808594
0.0022792816162109375
0.002547740936279297
0.0022804737091064453
0.0017895698547363281
0.0033316612243652344
0.002009868621826172
0.0017881393432617188
0.0017344951629638672
0.0019555091857910156
0.00417780876159668
0.00179290771484375
0.001852273941040039
0.0015621185302734375
0.0017189979553222656
0.0017349720001220703
0.002923727035522461
0.0033686161041259766
0.004853963851928711
0.0016210079193115234
0.0017223358154296875
0.002275228500366211
0.0020723342895507812
0.0023734569549560547
