[27.42336273]
[27.78821719]
[28.1435611]
[28.49187341]
[28.76828258]
[29.17660553]
[29.46567695]
[29.73801825]
[30.01085773]
[30.27558444]
[30.53704703]
[30.77959676]
[31.01892347]
[31.27004964]
[31.50031374]
[31.74884775]
[32.00793309]
[32.2526114]
[32.5236372]
[32.76320703]
[33.06466045]
[33.32943118]
[33.57493858]
[33.8726265]
[34.14341941]
[34.46714215]
[34.82138038]
[35.09229519]
[35.3909718]
[35.64233897]
[35.93573737]
[36.20564659]
[36.44565108]
[36.71536124]
[36.98282213]
[37.22970333]
[37.5052834]
[37.74115527]
[37.98958008]
[38.24615433]
[38.50207529]
[38.75449779]
[39.01096778]
[39.27244656]
[39.55500391]
[39.80558288]
[40.08408847]
[40.34773014]
[40.58787274]
[40.86782994]
[41.14100063]
[41.41656866]
[41.69083967]
[42.02489009]
[42.30684652]
[42.56101401]
[42.83326597]
[43.08227921]
[43.3396605]
[43.59888248]
[43.86696589]
[44.12577045]
[44.40853064]
[44.69262662]
[45.0088707]
[45.28361518]
[45.57402635]
[45.83782911]
[46.13980727]
[46.43772666]
[46.7670548]
[47.04785357]
[47.36335366]
[47.6578131]
[48.15846777]
[48.50528178]
[48.86136377]
[49.18479977]
[49.54286127]
[49.83433347]
[50.10854752]
[50.36922431]
[50.63072519]
[50.89891109]
[51.17536063]
[51.44333684]
[51.74268963]
[52.0363214]
[52.31968222]
[52.62281699]
[52.87955892]
[53.15174804]
[53.41057146]
[53.69211967]
[53.95574594]
[54.20227921]
[54.4755476]
[54.73546703]
[55.02574949]
[55.302864]
[55.56800292]
[55.87468097]
[56.15645447]
[56.44163275]
[56.70351369]
[56.98091636]
[57.24361494]
[57.52419367]
[57.82752788]
[58.17836697]
[58.45160174]
[58.6972574]
[58.98685288]
[59.24088032]
[59.48520341]
[59.74931271]
[60.00911584]
[60.28766582]
[60.58560784]
[60.85986271]
[61.14853063]
[61.41640275]
[61.66219876]
[61.90121868]
[62.15589931]
[62.43101695]
[62.67257512]
[62.96056926]
[63.23986237]
[63.49364362]
[63.74834304]
[63.98901806]
[64.22295043]
[64.45990262]
[64.6899394]
[64.93448174]
[65.20835598]
[65.46918001]
[65.72087276]
[65.99014964]
[66.23426709]
[66.49647803]
[66.80901911]
[67.07135811]
[67.33320267]
[67.60375004]
[67.86956306]
[68.14451993]
[68.4099719]
[68.70981617]
[69.11800609]
[69.39608912]
[69.67305009]
[69.94364636]
[70.20986767]
[70.48952935]
[70.79016306]
[71.07714162]
[71.35633667]
[71.65039709]
[72.08341472]
[72.33689551]
[72.61582632]
[72.89661942]
[73.19480975]
[73.46551249]
[73.76209269]
[74.02918847]
[74.31289139]
[74.59914856]
[74.87051706]
[75.12527318]
[75.42290831]
[75.71413743]
[76.01196022]
[76.28606231]
[76.58413641]
[76.84736681]
[77.11568954]
[77.40010204]
[77.68584914]
[77.98454709]
[78.27249322]
[78.53946507]
[78.81349297]
[79.08968697]
[79.38716595]
[79.66983912]
[79.94218578]
[80.19516571]
[80.47595503]
[80.76484604]
[81.02649758]
[81.29161811]
[81.55498345]
[81.826811]
[82.09657807]
[82.35537674]
[82.62059715]
[82.90282147]
[83.20324774]
[83.46942291]
[83.73631775]
[84.01721737]
[84.30263255]
[84.58155298]
[84.85441792]
[85.12013323]
[85.39023185]
[85.68653643]
[85.9936059]
[86.29537654]
[86.55848715]
[86.83891981]
[87.14640713]
[87.42367349]
[87.70067387]
[87.96524205]
[88.23443961]
[88.52237897]
[88.80522096]
[89.11638234]
[89.38009732]
[89.62440507]
[89.90941122]
[90.18691454]
[90.43869734]
[90.70517695]
[91.00380383]
[91.26888463]
[91.52358294]
[91.78882661]
[92.0456244]
[92.2827889]
[92.53965847]
[92.80193214]
[93.08430002]
[93.3728405]
[93.66324782]
[93.95807853]
[94.23338759]
[94.49875293]
[94.79935071]
[95.0942142]
[95.37700229]
[95.65081034]
[95.93747575]
[96.26464376]
[96.57569304]
[96.84658012]
[97.1404911]
[97.46294875]
[97.84821501]
[98.16628687]
[98.43584204]
[98.73417888]
[99.04305348]
[99.3568012]
[99.66973]
[99.97981489]
[100.25242019]
[100.53448267]
[100.79597077]
[101.08767242]
[101.36588726]
[101.65118911]
[101.93595929]
[102.23712928]
[102.50880895]
[102.78326483]
[103.05395689]
[103.32674286]
[103.62707248]
[103.910499]
[104.18780291]
[104.47867641]
[104.75261281]
[105.02815859]
[105.30849094]
[105.59046638]
[105.87191315]
[106.16615951]
[106.4823097]
[106.77957685]
[107.06673486]
[107.34827118]
[107.63194821]
[107.90155511]
[108.16962671]
[108.46051848]
[108.75598354]
[109.0758625]
[109.39252439]
[109.68291032]
[109.97869992]
[110.28813591]
[110.56995854]
[110.85109861]
[111.15606606]
[111.44722474]
[111.71415074]
[111.99294944]
[112.26864507]
[112.54191165]
[112.81704991]
[113.10285792]
[113.39306216]
[113.69188612]
[113.99107211]
[114.26834095]
[114.54682779]
[114.86906297]
[115.16962783]
[115.43178132]
[115.75577302]
[116.0465745]
[116.33289549]
[116.61847901]
[116.88447599]
[117.15048652]
[117.42567461]
[117.76707728]
[118.08868124]
[118.35691695]
[118.6622484]
[118.93892272]
[119.21852164]
[119.49050529]
[119.74853029]
[120.02675917]
[120.299718]
[120.58048713]
[120.87301779]
[121.13193984]
[121.43433733]
[121.74168739]
[122.00415416]
[122.29625297]
[122.58179362]
[122.87574096]
[123.13371763]
[123.42777109]
[123.73019266]
[124.01880081]
[124.29732029]
[124.56780198]
[124.85085926]
[125.12719104]
[125.42088296]
[125.70284536]
[126.01183853]
[126.32250729]
[126.67081101]
[126.9682904]
[127.27589746]
[127.57230773]
[127.85984559]
[128.15404632]
[128.45659292]
[128.76742554]
[129.04976602]
[129.34723084]
[129.64651687]
[129.96286998]
[130.26166632]
[130.58144839]
[130.87900732]
[131.15084774]
[131.45321224]
[131.78323739]
[132.09252172]
[132.4035428]
[132.69974046]
[133.00168128]
[133.2955462]
[133.59238174]
[133.88009522]
[134.17798884]
[134.49139745]
[134.86663458]
[135.13082147]
[135.427771]
[135.7079433]
[135.99763598]
[136.29111016]
[136.57049067]
[136.87394671]
[137.1657985]
[137.4503232]
[137.74458864]
[138.04043622]
[138.44318385]
[138.75497994]
[139.07208712]
[139.3806556]
[139.69164569]
[139.98820798]
[140.27180173]
[140.560957]
[140.84507854]
[141.13723376]
[141.43044236]
[141.72882934]
[142.05102029]
[142.34795396]
[142.64513564]
[142.93583441]
[143.23971994]
[143.56188703]
[143.88861055]
[144.17003558]
[144.45705841]
[144.75906253]
[145.10382113]
[145.39078434]
[145.69668453]
[145.98925121]
[146.27790711]
[146.59646182]
[146.89650946]
[147.22895224]
[147.51409056]
[147.80404816]
[148.08001535]
[148.38680961]
[148.69051788]
[148.96207561]
[149.26751397]
[149.56065559]
[149.88755066]
[150.17741385]
[150.48121507]
[150.74996655]
[151.02248826]
[151.33219655]
[151.58869331]
[151.90527105]
[152.20611784]
[152.52242067]
[152.83818717]
[153.1406064]
[153.45268574]
[153.75153012]
[154.02757218]
[154.31259935]
[154.5822727]
[154.83642941]
[155.1205498]
[155.39448571]
[155.67623475]
[155.97326558]
[156.24800856]
[156.54042833]
[156.83170612]
[157.22858384]
[157.49908569]
