25.230947017669678
25.672708988189697
26.36110544204712
26.621516466140747
26.844401597976685
27.080693006515503
27.428898096084595
27.66288185119629
27.945175886154175
28.177927255630493
28.42412781715393
28.646077632904053
28.905330657958984
29.107356071472168
29.29547357559204
29.51050066947937
29.732272386550903
30.001272678375244
30.310990810394287
30.56330394744873
30.83111572265625
31.30788493156433
31.584774255752563
31.84636092185974
32.09703183174133
32.31558704376221
32.538174867630005
32.761059522628784
32.998961210250854
33.27580690383911
33.50390291213989
33.72228026390076
33.95417356491089
34.17607283592224
34.409515619277954
34.62976312637329
34.86318635940552
35.085941553115845
35.30324149131775
35.54205393791199
35.77206110954285
36.01651668548584
36.30733680725098
36.54332447052002
36.77853059768677
37.02628469467163
37.31380772590637
37.54555296897888
37.785531759262085
38.015989780426025
38.26949453353882
38.52087616920471
38.75123405456543
38.99798917770386
39.23753213882446
39.516207456588745
39.777642250061035
40.0489068031311
40.302809953689575
40.57455539703369
40.82396602630615
41.11755704879761
41.361509561538696
41.6368465423584
41.927884578704834
42.1883442401886
42.43372583389282
42.74246954917908
43.00988507270813
43.32494282722473
43.68732738494873
43.994893312454224
44.285038471221924
44.55901765823364
44.79734802246094
45.110899686813354
45.3888475894928
45.6877179145813
45.94052219390869
46.24546575546265
46.50310206413269
46.78444242477417
47.05157399177551
47.34085941314697
47.606828451156616
47.84351634979248
48.101929664611816
48.371634006500244
48.642950773239136
48.90521049499512
49.21147632598877
49.49695158004761
49.78481721878052
50.03762722015381
50.30820918083191
50.57435154914856
50.836169481277466
51.11961245536804
51.36385178565979
51.608083724975586
51.84509301185608
52.07373547554016
52.292263984680176
52.56395888328552
52.82308554649353
53.05828046798706
53.30492043495178
53.54541087150574
53.79245448112488
54.05163359642029
54.285733461380005
54.60478067398071
54.85237240791321
55.123799324035645
55.374751329422
55.59906888008118
55.84668469429016
56.08600997924805
56.34854507446289
56.61216068267822
56.909196615219116
57.20263600349426
57.47925305366516
57.76800775527954
58.036685943603516
58.31040906906128
58.58931803703308
58.85823130607605
59.15465712547302
59.42436647415161
59.69787240028381
59.95719933509827
60.24877309799194
60.52343726158142
60.78805065155029
61.03673338890076
61.2873432636261
61.57849740982056
61.99508261680603
62.27733397483826
62.49424624443054
62.70289993286133
62.96630668640137
63.34214663505554
63.64214277267456
63.994346141815186
64.2978925704956
64.57895493507385
64.89268469810486
65.19520163536072
65.57128739356995
65.89038729667664
66.22799324989319
66.56557130813599
66.9127607345581
67.24975728988647
67.59277701377869
67.94450998306274
68.29487133026123
68.56199383735657
68.82306265830994
69.3477041721344
69.60329842567444
69.98631715774536
70.26248383522034
70.56480503082275
70.86240601539612
71.32219243049622
71.65650868415833
71.97319865226746
72.28478813171387
72.57047462463379
72.82574605941772
73.17798686027527
73.47006464004517
73.73829746246338
74.03313565254211
74.36842226982117
74.64217782020569
74.88836312294006
75.15402960777283
75.41222190856934
75.76327753067017
75.9994945526123
76.22319412231445
76.4605815410614
76.70735168457031
77.02335667610168
77.29425311088562
77.55348181724548
77.7684714794159
78.02450227737427
78.27503061294556
78.4788179397583
78.69974684715271
78.91193127632141
79.20078682899475
79.49152898788452
79.79928994178772
80.09063196182251
80.36695146560669
80.70070195198059
80.98270344734192
81.27385592460632
81.60368752479553
81.94351148605347
82.32326769828796
82.58793425559998
82.87452435493469
83.14677619934082
83.51295566558838
84.0777359008789
84.45086073875427
84.72423958778381
85.01440167427063
85.57626295089722
85.90874028205872
86.18799352645874
86.45055508613586
86.75351405143738
87.02863597869873
87.30404019355774
87.56699013710022
87.8118188381195
88.03053784370422
88.25390124320984
88.48467421531677
88.72064113616943
88.94599747657776
89.1550133228302
89.36456108093262
89.63833904266357
89.91245436668396
90.18784976005554
90.43965339660645
90.69145226478577
90.94778180122375
91.2226312160492
91.47672629356384
91.74639534950256
92.06119585037231
92.32559442520142
92.57093691825867
92.84127736091614
93.1249647140503
93.33765530586243
93.61695003509521
93.85050845146179
94.0895140171051
94.50652170181274
94.7804868221283
95.14329886436462
95.3891236782074
95.8109769821167
96.14246726036072
96.36316227912903
96.59046983718872
96.83083152770996
97.0777735710144
97.37842082977295
97.66591477394104
97.98438692092896
98.23366022109985
98.48433566093445
98.70621371269226
98.94912457466125
99.21274471282959
99.49333310127258
99.76523637771606
100.05295610427856
100.32758498191833
100.5802960395813
100.85390019416809
101.126793384552
101.3932511806488
101.65964460372925
101.96709942817688
102.23035335540771
102.51176929473877
102.77871489524841
103.03982973098755
103.29395270347595
103.5929126739502
103.86607575416565
104.22507071495056
104.51591992378235
104.8339273929596
105.09367513656616
105.33750247955322
105.61911749839783
105.93687272071838
106.2415132522583
106.57860517501831
106.87824773788452
107.13285827636719
107.38649868965149
107.69913601875305
107.95268416404724
108.22729277610779
108.48901152610779
108.79265284538269
109.05701565742493
109.31857204437256
109.59226942062378
109.89040684700012
110.16878128051758
110.41007804870605
110.74684572219849
111.0464198589325
111.36198663711548
111.71122932434082
111.99225664138794
112.2626793384552
112.50939631462097
112.731374502182
112.92514300346375
113.11693453788757
113.3332462310791
113.53839492797852
113.73342418670654
113.94017839431763
114.19709277153015
114.86758470535278
115.16479587554932
115.42871117591858
115.72105550765991
115.99307203292847
116.25059080123901
116.5305483341217
116.78357243537903
117.09314751625061
117.40317177772522
117.72399830818176
118.04682922363281
118.35030364990234
118.67794227600098
118.9216046333313
119.18620705604553
119.45541906356812
119.75250959396362
120.03915548324585
120.3010425567627
120.76274824142456
121.06681728363037
121.32513475418091
121.54911351203918
121.83711218833923
122.2166039943695
122.5218939781189
122.8204550743103
123.13200235366821
123.44689798355103
123.77726340293884
124.04974102973938
124.37141609191895
124.67171144485474
124.97172570228577
125.27633476257324
125.57361102104187
125.88712906837463
126.16878962516785
126.45036244392395
126.77479767799377
127.09488701820374
127.44439554214478
127.76012921333313
128.08466815948486
128.3633086681366
128.61975407600403
128.91152954101562
129.27990698814392
129.64221096038818
129.93749594688416
130.23075079917908
130.52782440185547
130.79560565948486
131.02754282951355
131.24520778656006
131.54051518440247
131.8720383644104
132.16725850105286
132.43208837509155
132.72958850860596
132.9966082572937
133.24653458595276
133.49845123291016
133.7600953578949
134.02167129516602
134.26744771003723
134.50245642662048
134.76808619499207
135.05948328971863
136.1125214099884
136.3920431137085
136.59754490852356
136.89012002944946
137.21765232086182
137.56002163887024
137.88139986991882
138.176983833313
138.45263481140137
138.72023916244507
138.99991655349731
139.39888381958008
139.73642921447754
140.02441382408142
140.3202395439148
140.61331295967102
140.95325684547424
141.4821653366089
141.84484839439392
142.120774269104
142.38210535049438
142.69240760803223
143.15231561660767
143.57307505607605
144.0002143383026
144.29413962364197
144.60772323608398
144.88875889778137
145.19762563705444
145.9144425392151
146.17618775367737
146.45034503936768
146.743670463562
147.06332063674927
147.3323438167572
147.6062207221985
147.90493202209473
148.18728399276733
148.4417109489441
148.71356534957886
148.96611642837524
149.1809434890747
149.3875377178192
149.63282418251038
149.84423899650574
150.07823824882507
150.2998080253601
150.5644404888153
150.80711770057678
151.03529024124146
151.32542061805725
151.55840730667114
151.77848172187805
152.11793446540833
152.44983100891113
152.72132873535156
152.98140621185303
153.28480124473572
153.56721210479736
153.83527255058289
154.08324551582336
154.38882064819336
154.64452528953552
154.9167411327362
155.18223023414612
