32.17022228240967
32.528507232666016
32.758309841156006
33.001996994018555
33.535656213760376
33.76669001579285
33.989707469940186
34.217718839645386
34.45930194854736
34.71635437011719
34.94786024093628
35.19307518005371
35.431657552719116
35.68181610107422
35.91505408287048
36.14441967010498
36.37079358100891
36.610966205596924
36.83545923233032
37.14308738708496
37.36235237121582
37.57590055465698
37.732972145080566
37.95671558380127
38.188758850097656
38.38070321083069
38.56545639038086
38.77336621284485
39.01438665390015
39.31852626800537
39.54579830169678
39.78305673599243
40.04253697395325
40.27967882156372
40.551191329956055
40.766398191452026
41.01335000991821
41.23870229721069
41.464847564697266
41.70640826225281
41.93686103820801
42.15211224555969
42.367555379867554
42.612552642822266
42.842785358428955
43.08122253417969
43.29694199562073
43.524280071258545
43.81433296203613
44.05606460571289
44.30298566818237
44.57435441017151
44.83730959892273
45.06789827346802
45.34371519088745
45.5931191444397
45.8368034362793
46.09589409828186
46.32651376724243
46.54847240447998
46.80263304710388
47.05591678619385
47.29247069358826
47.62628746032715
47.917572021484375
48.165727615356445
48.38673281669617
48.5947527885437
48.85314893722534
49.09596276283264
49.34544491767883
49.57141923904419
49.80345177650452
50.06478023529053
50.30817484855652
50.53279256820679
50.78425931930542
51.04770541191101
51.29196381568909
51.58201885223389
51.82712388038635
52.06021976470947
52.32791495323181
52.56422138214111
52.80176591873169
53.05400466918945
53.284722089767456
53.51837635040283
53.76343274116516
54.03551530838013
54.27938365936279
54.52595901489258
54.81728768348694
55.06307554244995
55.31405568122864
55.54431128501892
55.7648446559906
56.01529407501221
56.357999324798584
56.549468994140625
56.791194677352905
57.053420305252075
57.32287406921387
57.58710789680481
57.8420147895813
58.12055420875549
58.34875750541687
58.589022636413574
58.863638401031494
59.09802556037903
59.326967000961304
59.575605630874634
59.809245347976685
60.08720803260803
60.3254930973053
60.54033827781677
60.7377142906189
60.945181369781494
61.14567017555237
61.38343071937561
61.69473838806152
61.949777364730835
62.18399786949158
62.404014110565186
62.62336874008179
62.89132833480835
63.14525032043457
63.35128569602966
63.59723925590515
63.81417274475098
64.04838061332703
64.32017183303833
64.55463552474976
64.78431296348572
65.02555513381958
65.25197124481201
65.49029684066772
65.70995831489563
66.01746797561646
66.24793124198914
66.48373055458069
66.71174812316895
66.9410948753357
67.24287366867065
67.48015189170837
67.73022031784058
67.97125005722046
68.22932505607605
68.46572780609131
68.70278739929199
68.94294333457947
69.18083810806274
69.41671299934387
69.6712999343872
69.92729806900024
70.17074203491211
70.41299295425415
70.78318047523499
71.03578066825867
71.29500603675842
71.5350239276886
71.79051518440247
72.03836750984192
72.27949666976929
72.5518810749054
72.83037495613098
73.09463167190552
73.3491280078888
73.61754059791565
73.88505625724792
74.15761256217957
74.4382119178772
74.67383027076721
75.17991590499878
75.40770030021667
75.6088080406189
75.81590962409973
76.07312798500061
76.36327767372131
76.65066933631897
76.92537140846252
77.19126486778259
77.4559178352356
77.73455691337585
77.99874806404114
78.25690197944641
78.5160882472992
78.71935844421387
78.94050931930542
79.17700219154358
79.40445518493652
79.64477849006653
79.90295767784119
80.15056324005127
80.42345976829529
80.67280411720276
80.93202328681946
81.2330539226532
81.52796339988708
81.80780076980591
82.08303332328796
82.35732555389404
82.62456679344177
82.88450765609741
83.419260263443
83.71695351600647
83.97391724586487
84.23182344436646
84.47871780395508
84.75091123580933
85.02844882011414
85.3716983795166
85.61681199073792
85.8716561794281
86.13219261169434
86.37608075141907
86.66007971763611
86.9231219291687
87.17436504364014
87.44863104820251
87.75024390220642
88.06651449203491
88.37124037742615
88.63552045822144
88.89479517936707
89.3138997554779
89.63537311553955
89.93683671951294
90.19605302810669
90.47658658027649
90.72850131988525
91.00161933898926
91.31099677085876
91.59031200408936
91.83981823921204
92.08551144599915
92.36206245422363
92.635568857193
92.90778136253357
93.21217656135559
93.46532225608826
93.71870374679565
93.96254873275757
94.23516535758972
94.51222681999207
94.76524949073792
95.01804089546204
95.31625390052795
95.58452892303467
95.88800358772278
96.14928698539734
96.45693397521973
96.73928260803223
97.13249802589417
97.84356117248535
98.20425629615784
98.45868706703186
98.66547441482544
98.8908441066742
99.16194987297058
99.51639246940613
99.8488097190857
100.13754725456238
100.90908360481262
101.27181911468506
101.4967429637909
101.83675694465637
102.10775113105774
102.37689423561096
102.59926629066467
103.61844873428345
103.8965790271759
104.15405511856079
104.40713047981262
104.73974370956421
104.98446488380432
105.26471400260925
105.67201972007751
105.91033101081848
106.20849299430847
106.59182834625244
106.84128379821777
107.0967743396759
107.34512448310852
107.64573264122009
107.90335369110107
108.15547609329224
108.39201092720032
108.63001680374146
108.93227934837341
109.18608212471008
109.41495037078857
109.65224266052246
109.89911460876465
110.15613579750061
110.41137385368347
110.66773438453674
110.9438226222992
111.20194745063782
111.44910860061646
111.69079518318176
111.94309878349304
112.22424745559692
112.44238948822021
112.67880535125732
112.91510391235352
113.17559576034546
113.4305989742279
113.67353630065918
113.91937565803528
114.18765902519226
114.46959018707275
114.72822713851929
114.99401926994324
115.23711824417114
115.544837474823
115.80895256996155
116.0804693698883
116.34935283660889
116.6212956905365
116.90180158615112
117.16180324554443
117.47216653823853
117.75956535339355
118.01881957054138
118.28657341003418
118.59567356109619
118.84036326408386
119.1033923625946
119.3848021030426
119.66169857978821
119.92242097854614
120.18048191070557
120.5514407157898
120.825275182724
121.24449133872986
121.48353815078735
121.74064946174622
121.97045087814331
122.21189403533936
122.47389245033264
122.72490668296814
122.98541331291199
123.28935980796814
123.58442950248718
123.82175064086914
124.08840489387512
124.31061506271362
124.57549238204956
124.85202407836914
125.12177014350891
125.38674068450928
125.67403864860535
125.95848727226257
126.34659075737
126.60982322692871
126.83939099311829
127.06815481185913
127.3132426738739
127.58147072792053
127.83525037765503
128.0740942955017
128.33657264709473
128.5960977077484
128.8530843257904
129.12696814537048
129.39234495162964
129.6730408668518
129.93201780319214
130.15987753868103
130.42254996299744
130.7299666404724
131.0003161430359
131.30098056793213
131.58302903175354
131.8500759601593
132.10614013671875
132.31058311462402
132.5679829120636
132.8556957244873
133.13108229637146
133.40457034111023
133.70622301101685
134.02094221115112
134.28917050361633
134.56109261512756
134.83105087280273
135.11711931228638
135.40432810783386
135.64558672904968
135.9214324951172
136.18665218353271
136.60959315299988
136.88074731826782
137.12074446678162
137.36460041999817
137.57772541046143
137.81537222862244
138.0748975276947
138.33338069915771
138.5929229259491
138.8670883178711
139.12987565994263
139.38842916488647
139.76895833015442
140.071674823761
140.33336758613586
140.59411525726318
140.8587610721588
141.11486101150513
141.37971568107605
141.67394948005676
141.9360854625702
142.20081305503845
142.47061920166016
142.71223521232605
143.03015279769897
143.30624651908875
143.5872254371643
143.856112241745
144.14475107192993
144.488831281662
144.7561275959015
145.03968715667725
145.36403489112854
145.63978123664856
145.92567682266235
146.2085988521576
146.53379011154175
146.81361961364746
147.10008144378662
147.38913822174072
147.62463212013245
147.8447835445404
148.11357140541077
148.39390587806702
148.62165546417236
148.8485062122345
149.12529492378235
149.403902053833
149.67035031318665
149.93201112747192
150.44489288330078
150.6726574897766
150.8970386981964
151.17364311218262
151.4610617160797
151.7397379875183
152.0203881263733
152.3015899658203
152.61034727096558
152.96903085708618
153.26710319519043
153.53765726089478
153.79394435882568
154.0563826560974
154.31795501708984
154.59770035743713
154.85679936408997
155.15050387382507
155.4150218963623
155.6319375038147
155.86409091949463
156.09202980995178
156.34353041648865
156.58001565933228
156.8081545829773
157.07905769348145
157.36909127235413
157.65383744239807
157.95073914527893
158.24307417869568
158.60794019699097
158.99433946609497
159.3051619529724
159.59567070007324
159.9303970336914
160.22693848609924
160.54122614860535
160.90685105323792
161.23287749290466
161.55166172981262
161.89329648017883
162.1981246471405
162.59716987609863
162.87746143341064
163.1736032962799
163.41868615150452
163.72145748138428
163.9886326789856
164.22296690940857
164.47243094444275
164.721697807312
164.98253726959229
165.23618268966675
165.4893081188202
165.7427179813385
165.9678270816803
166.1776463985443
166.4683289527893
166.66170859336853
166.86659741401672
167.06539583206177
167.2875473499298
167.487478017807
167.69289326667786
167.8858871459961
168.1954026222229
168.46771669387817
168.71058058738708
168.9652829170227
169.212007522583
169.4394645690918
169.7195909023285
170.01052570343018
170.2747175693512
170.56941771507263
170.79983592033386
171.06313395500183
