26.669795036315918
27.319114685058594
27.68501615524292
28.080050945281982
28.45607852935791
28.832975387573242
29.228445291519165
29.66050910949707
30.149622678756714
30.58879590034485
31.00746488571167
31.42193579673767
31.844846487045288
32.25906777381897
32.66492319107056
33.19234824180603
33.58262586593628
34.04575514793396
34.482813358306885
34.90412974357605
35.37013792991638
35.8184700012207
36.61289596557617
36.997623682022095
37.463443994522095
37.94550895690918
38.38784718513489
38.80345439910889
39.25321888923645
39.638323068618774
40.099668741226196
40.53071117401123
41.087562561035156
41.53281116485596
41.94039869308472
42.336089849472046
42.7722430229187
43.21184992790222
43.612287282943726
44.091402530670166
44.54679036140442
44.97083806991577
45.40160632133484
45.812138080596924
46.28029775619507
46.68836760520935
47.06218481063843
47.50107717514038
47.99876546859741
48.38254380226135
48.73275065422058
49.09507393836975
49.53658676147461
50.006449699401855
50.41628122329712
50.82610630989075
51.27322816848755
51.70039415359497
52.113292932510376
52.492703914642334
52.90553283691406
53.326263666152954
53.721081495285034
54.10757851600647
54.510053634643555
55.323697090148926
55.72133708000183
56.203813314437866
56.63448691368103
57.05543255805969
57.528594732284546
58.007158041000366
58.447842836380005
58.84410619735718
59.272650718688965
59.70428776741028
60.07192897796631
60.43482685089111
60.8917338848114
61.356956005096436
61.7698118686676
62.168421030044556
62.659148931503296
63.10117959976196
63.58296084403992
64.05975842475891
64.52503752708435
65.00343179702759
65.47960758209229
65.92256784439087
66.34243631362915
66.7581934928894
67.32349824905396
67.7428867816925
68.22058916091919
68.6339180469513
69.0354871749878
69.4547472000122
69.83967900276184
70.27237582206726
70.75197100639343
71.19532108306885
71.61552047729492
72.11190342903137
72.5527834892273
72.95792865753174
73.36460065841675
73.77975726127625
74.23953557014465
74.68082594871521
75.1609296798706
75.61194396018982
76.09371066093445
76.53640055656433
77.14908647537231
77.6122829914093
78.10483288764954
78.55849647521973
79.01977467536926
79.5342755317688
79.94558119773865
80.40043044090271
80.87454104423523
81.33010697364807
81.72541332244873
82.12525582313538
82.61288166046143
83.05259275436401
83.48169922828674
83.93366885185242
84.32021832466125
84.7109591960907
85.16214299201965
85.63527178764343
86.10746335983276
86.62792181968689
87.03324937820435
87.4667387008667
87.88783144950867
88.33377146720886
88.98585605621338
89.46391081809998
89.88087248802185
90.40435242652893
90.8712728023529
91.32334780693054
91.77422523498535
92.24632477760315
92.65452098846436
93.08956480026245
93.50917959213257
93.96397304534912
94.40809321403503
94.81924557685852
95.3331048488617
95.7166657447815
96.1252179145813
96.62066411972046
97.06691098213196
97.50018906593323
97.9420006275177
98.38400530815125
98.84912943840027
99.37602639198303
99.82420539855957
100.30025458335876
100.76121830940247
101.19079995155334
101.5785539150238
102.01731157302856
102.45212936401367
102.94832563400269
103.36706781387329
103.84203863143921
104.27807188034058
104.72677850723267
105.16169619560242
105.64301562309265
106.15795183181763
106.62465190887451
107.07631015777588
107.6309585571289
108.06737852096558
108.50074887275696
108.9309241771698
109.44096088409424
109.87927722930908
110.37558937072754
110.8169960975647
111.24394702911377
111.69683313369751
112.1657166481018
112.60647106170654
113.10941529273987
113.55695605278015
113.98903775215149
114.47009134292603
114.92441749572754
115.41801977157593
115.88803148269653
116.38129830360413
116.85696196556091
117.29555153846741
117.73604440689087
118.20587348937988
118.6707832813263
119.12199878692627
119.5929205417633
120.00593090057373
120.44364523887634
120.862144947052
121.28876805305481
121.81376719474792
122.22670888900757
122.64358925819397
123.10629439353943
123.567467212677
124.01500391960144
124.52309441566467
124.92543506622314
125.38177680969238
125.85084009170532
126.33641362190247
126.81692218780518
127.28013300895691
127.73602533340454
128.20422339439392
128.64022636413574
129.11667585372925
129.58496379852295
130.04507446289062
130.5352864265442
130.97286367416382
131.3885533809662
131.82543897628784
132.27590107917786
132.7021028995514
133.09559226036072
133.57649207115173
134.13388347625732
134.4228277206421
134.818998336792
135.3564851284027
135.8135073184967
136.24074244499207
136.6758131980896
137.18103528022766
137.63837122917175
138.16054844856262
138.6326937675476
139.05419754981995
139.53702998161316
140.01851630210876
140.44445610046387
140.89157557487488
141.52182149887085
141.95849704742432
142.39461708068848
142.90889739990234
143.4126479625702
143.9554362297058
144.31438875198364
144.80587029457092
145.28848814964294
145.73747396469116
146.23284268379211
146.71579217910767
147.2151608467102
147.64358949661255
148.15431332588196
148.5260808467865
149.2110297679901
149.71878671646118
150.15659832954407
150.65287470817566
151.11473870277405
151.56749272346497
152.01112461090088
152.4466323852539
152.88562083244324
153.31529808044434
153.7680823802948
154.27056741714478
154.74090671539307
155.19882941246033
155.63419437408447
156.10256934165955
156.56100583076477
156.99106621742249
157.4760866165161
157.99899315834045
158.41347312927246
158.85666632652283
159.32935309410095
159.84192490577698
160.33648371696472
160.8195605278015
161.22202277183533
161.67556357383728
162.08119320869446
162.50622153282166
162.9443564414978
163.47473239898682
164.00016331672668
164.46991610527039
164.88564777374268
165.3086063861847
165.78021693229675
166.23817229270935
166.70910477638245
167.21004056930542
167.593332529068
168.05579781532288
168.49467754364014
168.99356627464294
169.4692199230194
169.87397241592407
170.29082584381104
170.76465487480164
171.25477695465088
171.75162601470947
172.16172075271606
172.60576581954956
173.08993244171143
173.6011769771576
174.12629175186157
174.49272441864014
174.9106047153473
175.4666404724121
175.89049983024597
176.32221722602844
176.74031734466553
177.17117381095886
177.60974645614624
177.9658498764038
178.4148232936859
178.80449604988098
179.21216678619385
179.6956775188446
180.1133589744568
180.5193214416504
180.8799159526825
181.36107969284058
181.8161392211914
182.2503776550293
182.62716102600098
183.09373593330383
183.55514097213745
184.0180106163025
184.45331954956055
184.8576102256775
185.33363723754883
185.8027331829071
186.29220032691956
186.7052023410797
187.0775625705719
187.52162528038025
187.99544668197632
188.447270154953
188.92941737174988
189.37334847450256
189.7796130180359
190.22049736976624
190.67466759681702
191.13188123703003
191.57003045082092
192.07236790657043
192.51452493667603
192.9116246700287
193.3797378540039
193.77239513397217
194.1740758419037
194.63044333457947
195.08066248893738
195.50358176231384
195.92979502677917
196.4232907295227
196.89385151863098
197.317950963974
197.72365713119507
198.12459540367126
198.5099902153015
198.97545647621155
199.44752645492554
199.86379194259644
200.37152934074402
200.7624499797821
201.3665647506714
201.71568775177002
202.12356066703796
202.5154161453247
202.88539004325867
203.26570081710815
203.69597816467285
204.0982174873352
204.4480540752411
204.84794402122498
205.22491836547852
205.6149034500122
206.0896520614624
206.6438820362091
207.3109359741211
207.8786985874176
208.3340208530426
208.80913877487183
209.3307662010193
209.7802858352661
210.2485761642456
210.68334460258484
211.08577489852905
211.67879223823547
212.21245503425598
212.82884001731873
213.42918181419373
213.95357418060303
214.41455030441284
214.99339771270752
215.45006585121155
215.8119616508484
216.18752121925354
216.6847047805786
217.0844955444336
217.5286021232605
218.08917498588562
218.67308688163757
219.16028594970703
219.5659840106964
220.12526726722717
220.5511667728424
220.91675877571106
221.3216381072998
221.7401638031006
222.20071506500244
222.6586983203888
223.19659042358398
223.6683268547058
224.12750816345215
224.64052438735962
225.12726354599
225.66176295280457
226.1295883655548
226.57757449150085
227.06508445739746
227.6056351661682
228.32817888259888
228.68680334091187
229.15219163894653
229.55405378341675
229.95690894126892
230.37902355194092
230.885169506073
231.27722883224487
231.6685483455658
232.15768814086914
232.68007040023804
233.14703369140625
233.6440236568451
234.0439703464508
234.40992712974548
234.86647939682007
235.25585460662842
235.66110467910767
236.02287673950195
236.4949860572815
236.98964595794678
237.3900728225708
237.84377026557922
238.21093344688416
238.58993673324585
238.98759579658508
239.44502091407776
239.85387682914734
240.3361337184906
240.78035831451416
241.22883009910583
241.6467204093933
242.09862732887268
242.5083522796631
242.9291980266571
243.30420994758606
243.7357382774353
244.23226952552795
244.69263672828674
245.11818480491638
245.4663336277008
245.92154502868652
246.38225889205933
246.81109309196472
247.19708108901978
247.80634307861328
248.25634860992432
248.73783087730408
249.10398650169373
249.63252234458923
250.1509554386139
250.6024580001831
251.00216126441956
251.4523937702179
251.96231174468994
252.394779920578
252.75302052497864
253.26479697227478
253.69141340255737
254.1596074104309
254.56904339790344
254.98433542251587
255.37213778495789
255.84914088249207
256.66382098197937
257.2131190299988
257.62455797195435
258.0919415950775
258.5554127693176
259.0436358451843
259.4148108959198
259.91395258903503
260.36152720451355
260.7676589488983
261.2667634487152
261.6820867061615
262.24138855934143
262.73078298568726
263.17762207984924
263.61065697669983
264.0771939754486
264.51014590263367
264.980277299881
265.46128129959106
265.9245870113373
266.41491293907166
266.89798879623413
267.36545586586
267.759646654129
268.1986105442047
268.58076190948486
268.9807553291321
269.5058448314667
269.9391598701477
270.4791121482849
270.9365804195404
271.4309389591217
271.8916256427765
272.3968884944916
272.7960364818573
273.3462197780609
273.7009947299957
274.1683793067932
274.6210398674011
275.03434014320374
275.50798320770264
276.029394865036
276.3626651763916
276.7559161186218
277.1149318218231
277.4586730003357
277.84224796295166
278.2188472747803
278.65312218666077
279.21600914001465
279.70064425468445
280.0595154762268
280.4277415275574
280.8088274002075
281.2204258441925
281.65042757987976
282.0739166736603
282.48675203323364
282.7862982749939
283.16015911102295
283.5311644077301
283.8539593219757
284.20998644828796
284.573224067688
284.92845368385315
285.3246157169342
285.80759477615356
286.24502301216125
286.6893301010132
287.1067245006561
287.6233310699463
287.9717857837677
288.42033648490906
288.8436236381531
289.2800621986389
289.90761518478394
290.5601589679718
291.243524312973
291.84877276420593
292.2596092224121
292.7472825050354
293.2094337940216
293.71378540992737
294.15381479263306
294.74144887924194
295.11815333366394
295.5737748146057
295.9731366634369
296.36500573158264
296.82400608062744
297.3005142211914
297.76908779144287
298.2562835216522
298.5870018005371
299.11432933807373
299.5953996181488
299.9797394275665
300.4493131637573
300.91030621528625
301.3526391983032
301.6896228790283
302.05609583854675
302.39657759666443
302.7575159072876
303.1482548713684
303.5942783355713
304.04445815086365
304.49841022491455
304.93477511405945
305.36906123161316
305.78482961654663
306.18285274505615
306.59038758277893
307.0114736557007
307.4532587528229
307.83361434936523
308.2928750514984
308.7762260437012
309.18054366111755
309.6160407066345
310.0483989715576
310.4648802280426
310.84902477264404
311.3678820133209
311.80330514907837
312.30172753334045
312.6842579841614
313.0898907184601
313.46888422966003
313.8606655597687
314.27651929855347
314.6801106929779
315.0630931854248
315.49616050720215
315.8819398880005
316.29927110671997
316.6781015396118
317.0543282032013
317.44342708587646
317.87115931510925
318.29548954963684
318.7194137573242
319.14049530029297
319.56348037719727
320.00261664390564
320.5414412021637
320.92256593704224
321.46835923194885
322.03265476226807
322.54778146743774
323.06256794929504
323.5320749282837
323.9085328578949
324.2663924694061
324.755624294281
325.22957611083984
325.6583228111267
326.1352779865265
326.5900936126709
327.0567240715027
327.506632566452
327.97270941734314
328.40197801589966
328.8411054611206
329.52004766464233
329.82510328292847
330.2783205509186
330.6976752281189
331.3488919734955
331.9172885417938
332.3517279624939
332.7455096244812
333.28001141548157
333.79646492004395
334.22421193122864
334.6225790977478
335.01398253440857
335.43805742263794
335.80369424819946
336.2030379772186
336.6572859287262
337.0784680843353
337.49267411231995
337.95005202293396
338.2929861545563
338.8251328468323
339.21545815467834
339.5419659614563
339.90107226371765
340.328262090683
340.68672370910645
341.1000289916992
341.4880781173706
341.9776110649109
342.42637300491333
342.9081246852875
343.3463411331177
343.872829914093
344.28469133377075
344.66005277633667
345.11000967025757
345.6048719882965
345.9650421142578
346.40361166000366
346.83281350135803
347.25619864463806
347.73835253715515
348.1194107532501
348.57264018058777
348.9697382450104
349.4418821334839
349.92524790763855
350.38920283317566
350.91595125198364
351.2991063594818
351.70699667930603
352.05503845214844
352.4674279689789
352.8846309185028
353.3314609527588
353.78616762161255
354.24685311317444
354.6959035396576
355.12446641921997
355.5554666519165
