27.876500129699707
28.78612971305847
29.5005886554718
30.06976628303528
30.726527452468872
31.446909427642822
32.15238380432129
32.7945237159729
33.806692600250244
34.50237822532654
35.23757815361023
35.813130378723145
36.3885064125061
36.92610478401184
37.43148922920227
38.002187728881836
38.634520053863525
39.313040018081665
40.027132511138916
40.72737145423889
41.25615978240967
41.909258127212524
42.58310651779175
43.35446572303772
44.02236485481262
44.6326904296875
45.25572490692139
45.857611417770386
46.547629833221436
47.17353558540344
47.69620609283447
48.247336626052856
48.875468492507935
49.42901277542114
49.954447507858276
50.44322872161865
50.978904008865356
51.45770001411438
52.02201247215271
52.60919737815857
53.134357213974
53.81471395492554
54.40887761116028
55.03369879722595
55.71107268333435
56.37421441078186
56.94282364845276
57.605363845825195
58.264549255371094
58.83096790313721
59.46112585067749
60.0048987865448
60.69933104515076
61.27470278739929
61.77643656730652
62.37120747566223
62.97262406349182
63.628377199172974
64.23333835601807
64.84362125396729
65.42564058303833
66.06216979026794
66.63731265068054
67.29281663894653
67.84785437583923
68.58077883720398
69.20542073249817
69.85145473480225
70.45395231246948
71.03011202812195
71.6873550415039
72.28394889831543
72.98429536819458
73.63743329048157
74.2592568397522
74.89654636383057
75.48579931259155
76.04859018325806
76.62144374847412
77.21643042564392
77.93220949172974
78.44377398490906
79.04395604133606
79.6482937335968
80.33887958526611
80.97776365280151
81.57052278518677
82.23950982093811
82.89119482040405
83.51598072052002
84.10678434371948
84.77709722518921
85.37287473678589
85.90369915962219
86.39298272132874
86.96140575408936
87.4995002746582
88.0260717868805
88.56842947006226
89.11244630813599
89.62239527702332
90.20898652076721
90.80330157279968
91.43561053276062
92.24616646766663
92.80706357955933
93.41361498832703
94.00892424583435
94.63897824287415
95.32788944244385
95.9118173122406
96.48461174964905
97.1218318939209
97.71610045433044
98.25666308403015
98.86319971084595
99.51954817771912
100.07642221450806
100.75958132743835
101.4144504070282
102.04899525642395
102.64857149124146
103.29378843307495
103.86020827293396
104.4031491279602
104.99796676635742
105.62088918685913
106.19354844093323
106.83389019966125
107.47122359275818
108.18077731132507
108.83373808860779
109.48350739479065
110.17131733894348
110.80773401260376
111.39493799209595
112.00274872779846
112.52431154251099
113.16204452514648
113.77553868293762
114.39023208618164
114.92905879020691
115.50446081161499
116.74003744125366
117.39473986625671
118.17033123970032
118.72028064727783
119.40885066986084
120.0249195098877
120.65584683418274
121.35076642036438
122.00764846801758
122.6000874042511
123.21246647834778
123.74458694458008
124.3331573009491
125.16895055770874
125.73964738845825
126.32927107810974
126.95855975151062
127.73244547843933
128.32587027549744
128.99582815170288
129.60340285301208
130.27079582214355
130.7722930908203
131.36227011680603
131.91539812088013
132.56288957595825
133.13386869430542
133.7721300125122
134.36175274848938
134.88266015052795
135.45027995109558
135.96456336975098
136.5150043964386
137.07295203208923
137.68203234672546
138.184100151062
138.77829384803772
139.46171474456787
140.05096912384033
140.6787190437317
141.2827548980713
141.89950394630432
142.51599764823914
143.05677461624146
143.65552926063538
144.29212856292725
144.8258306980133
145.35071325302124
145.91686701774597
146.49903464317322
147.1160979270935
147.89617156982422
148.54430770874023
149.13333654403687
149.7053427696228
150.29636478424072
151.00490140914917
151.61131477355957
152.2354805469513
152.89573764801025
153.49269366264343
154.12894916534424
155.11324644088745
155.6925995349884
156.47490453720093
157.26527070999146
157.84586191177368
158.4161570072174
159.9008343219757
160.79990029335022
161.42928552627563
162.08134651184082
162.70292496681213
163.31805515289307
163.93172192573547
164.5589816570282
165.1578176021576
165.7405834197998
166.10995864868164
166.61803555488586
167.26447439193726
167.8542971611023
168.39947986602783
168.86528420448303
169.4410915374756
170.01226663589478
170.5590898990631
171.1508800983429
171.75998759269714
172.29711079597473
172.87848544120789
173.43212056159973
173.9812469482422
174.59622144699097
175.20864629745483
175.7794544696808
176.4080994129181
177.00990867614746
177.58385372161865
178.14207410812378
178.7392201423645
179.34237813949585
179.95077180862427
180.65010333061218
181.24548983573914
181.91692852973938
182.50523257255554
183.15664339065552
183.8015377521515
184.37749671936035
184.9960639476776
185.64973855018616
186.201189994812
186.83579564094543
187.4497730731964
188.0331392288208
188.65348315238953
189.26432251930237
189.80842328071594
190.51313376426697
191.0385262966156
191.5934088230133
192.2073791027069
192.87112879753113
193.45694279670715
194.0815258026123
194.6807141304016
195.24894785881042
195.88447308540344
196.4652979373932
197.0823850631714
197.67340564727783
198.2677972316742
198.8783655166626
199.45876836776733
199.96488738059998
200.58802366256714
201.28809094429016
201.94106817245483
202.55140137672424
203.17529964447021
203.82541012763977
204.43753147125244
205.01216769218445
205.65601015090942
206.32760739326477
207.0096971988678
207.748028755188
208.3466477394104
209.00213503837585
209.62514305114746
210.28902077674866
210.95098972320557
211.90067529678345
212.56658482551575
213.1563310623169
213.87239837646484
214.498144865036
215.08521223068237
215.68358063697815
216.25688338279724
216.84250926971436
217.39478969573975
217.9731171131134
218.5967881679535
219.21564936637878
219.8304159641266
220.5262894630432
221.1037015914917
221.7865126132965
222.3872411251068
223.04372024536133
223.74278831481934
224.39306497573853
225.027489900589
225.64217257499695
226.23408555984497
226.84821939468384
227.33518934249878
227.91050505638123
228.48844814300537
229.09281516075134
229.65410113334656
230.25812292099
230.80776262283325
231.40956592559814
232.03438544273376
232.67661833763123
233.24461770057678
233.887136220932
234.52591395378113
235.19877457618713
235.79950284957886
236.52067828178406
237.13105654716492
237.71277499198914
238.2344355583191
238.9017264842987
239.48891472816467
240.070636510849
240.66272163391113
241.3133578300476
241.93530797958374
242.69143915176392
243.2951180934906
243.97560167312622
244.58298659324646
245.16997575759888
245.74512314796448
246.3515923023224
246.9630024433136
247.60328245162964
248.1789927482605
248.7824308872223
249.48279786109924
250.12903141975403
250.80129718780518
251.37400341033936
251.9278359413147
252.62187147140503
253.25594305992126
253.82389760017395
254.48621487617493
255.09128713607788
255.58481359481812
256.1942720413208
256.7980098724365
257.3976616859436
257.94079518318176
258.53601837158203
259.1127107143402
259.68425488471985
260.32308292388916
260.94857454299927
261.62583112716675
262.2794032096863
262.8778326511383
263.4507553577423
264.02366280555725
264.6612854003906
265.3165202140808
265.9835457801819
266.6123721599579
267.24134612083435
267.87998843193054
268.46979308128357
269.1029634475708
269.6869556903839
270.29870080947876
270.9598503112793
271.5296359062195
272.1160387992859
272.6379461288452
273.2024872303009
273.9149522781372
274.4902765750885
275.24965620040894
275.8164031505585
276.41526532173157
276.9486289024353
277.53399562835693
278.1418459415436
278.6509757041931
279.13714480400085
279.7289547920227
280.4156301021576
281.0664224624634
281.69647908210754
282.3930501937866
283.00569677352905
283.5453760623932
284.26013803482056
284.8864469528198
285.5710062980652
286.24266028404236
286.9298005104065
287.4920163154602
288.1015236377716
288.7367889881134
289.2734534740448
290.0301949977875
290.6659300327301
291.2930610179901
291.9392228126526
292.55131459236145
293.3909749984741
293.8557860851288
294.5020935535431
295.03129959106445
295.76779079437256
296.6421809196472
297.19344186782837
297.75810837745667
298.3902864456177
299.0458416938782
299.6984884738922
300.22381019592285
300.82000851631165
301.49518966674805
302.10584688186646
302.71916484832764
303.3054983615875
303.88784551620483
304.50174832344055
305.0476887226105
305.6336741447449
306.2387320995331
306.6955575942993
307.2331335544586
307.81672835350037
308.4447045326233
308.9767508506775
309.57395243644714
310.219101190567
310.87691950798035
311.5620331764221
312.22768664360046
312.8973467350006
313.56800079345703
314.1698522567749
314.8147292137146
315.5559813976288
316.1188588142395
316.7623624801636
317.32085514068604
317.97887563705444
318.5619876384735
319.1755599975586
319.786425113678
320.41902446746826
321.050199508667
321.6698741912842
322.2530469894409
322.78245854377747
323.34841537475586
323.84071683883667
324.5193250179291
325.17816495895386
325.88583517074585
326.629390001297
327.2342610359192
327.867068529129
328.48952770233154
329.0259976387024
329.61483240127563
330.2827000617981
330.9206049442291
331.56825137138367
332.1350028514862
332.74723625183105
333.3375675678253
334.00533723831177
334.51163601875305
335.070524930954
335.6412332057953
336.2115902900696
336.88103699684143
337.4734878540039
338.0160858631134
338.63732290267944
339.18037366867065
339.791387796402
340.36315751075745
340.9615170955658
341.5869736671448
342.23471760749817
342.9156754016876
343.536940574646
344.1532280445099
344.7514364719391
345.2687408924103
345.8850841522217
346.5323920249939
347.062705039978
347.8015751838684
348.45154666900635
349.06253147125244
349.75243043899536
350.4154562950134
351.03766441345215
351.6695523262024
352.30343890190125
352.84434843063354
353.44012236595154
354.1361813545227
354.73367166519165
355.2878701686859
355.91488790512085
356.5222704410553
357.17230701446533
357.85489106178284
358.52176666259766
359.27327013015747
359.9080877304077
360.49955129623413
361.0573875904083
361.7884361743927
362.41435861587524
363.11469769477844
363.6836929321289
364.26969289779663
364.8331034183502
365.41178846359253
366.00568747520447
366.5832450389862
367.14420199394226
367.6801109313965
368.11935591697693
368.6520595550537
369.32256865501404
369.87967228889465
370.47859835624695
371.07612586021423
371.6447877883911
372.3471710681915
372.95758867263794
373.58814549446106
374.20372557640076
374.8109874725342
375.5255651473999
376.17021083831787
376.78698992729187
377.5177707672119
378.17475938796997
378.8050925731659
379.4290225505829
380.02539706230164
380.61660718917847
381.31821489334106
381.9730885028839
382.59762358665466
383.26436400413513
383.7716500759125
384.4898626804352
385.1897966861725
385.8203046321869
386.5077338218689
387.10033798217773
387.71807312965393
388.22660398483276
389.01054072380066
389.7148995399475
390.42745542526245
391.1098937988281
391.7363803386688
392.3632116317749
393.0396091938019
393.6480872631073
394.20143818855286
394.82579350471497
395.44061517715454
396.0077648162842
396.58272337913513
397.17155385017395
397.87312173843384
398.49082255363464
399.1273317337036
399.8369314670563
400.52177834510803
401.09688925743103
401.80324935913086
402.52838587760925
403.2496576309204
403.87246894836426
404.49680638313293
405.1023361682892
405.67773032188416
406.31762766838074
406.99946212768555
407.7671408653259
408.57995414733887
409.51167011260986
410.13231897354126
410.69004821777344
411.39404559135437
411.9530899524689
412.60907006263733
413.3366150856018
414.09880018234253
414.80024909973145
415.44966769218445
416.51124119758606
417.09657096862793
417.6487374305725
418.30183720588684
418.94006538391113
419.5347123146057
420.21510004997253
420.77202105522156
421.29031920433044
421.9202723503113
422.57423400878906
423.1812891960144
423.9486541748047
424.5362272262573
425.21083879470825
425.85372519493103
426.52108669281006
427.12485671043396
427.6929247379303
428.2450921535492
428.93866872787476
429.5326454639435
430.1575438976288
430.75900316238403
431.38623309135437
432.06806802749634
432.6972417831421
433.3400912284851
433.930513381958
434.53613567352295
435.1817271709442
435.79283380508423
436.3667480945587
437.01477813720703
437.5631456375122
438.1579144001007
438.80876564979553
439.4782040119171
440.1297962665558
440.7212264537811
441.258572101593
441.74817299842834
442.3157057762146
442.9490005970001
443.59174728393555
444.3102035522461
444.931040763855
445.6148769855499
446.217755317688
446.8518204689026
447.4765181541443
448.1191334724426
448.78133058547974
449.46609449386597
450.1415972709656
450.75658321380615
451.51173758506775
452.12722611427307
452.79393458366394
453.5039346218109
454.15546464920044
454.76060605049133
455.2852623462677
455.9617383480072
456.5182590484619
457.2651357650757
457.9592459201813
458.5186948776245
459.1194999217987
459.7572877407074
460.41250228881836
461.06919169425964
461.60978174209595
462.31815934181213
462.89315605163574
463.5259304046631
464.2088453769684
464.7271444797516
465.3263864517212
465.909063577652
466.47251415252686
467.18348360061646
467.71921157836914
468.2558557987213
468.93903255462646
469.5966899394989
470.2232460975647
470.843079328537
471.4945602416992
472.1276648044586
472.7449266910553
473.3170528411865
473.8233528137207
474.3729429244995
475.05018377304077
475.6140887737274
476.41236782073975
476.93067049980164
477.478351354599
478.01288962364197
478.483598947525
479.04573798179626
479.64550518989563
480.1818025112152
480.7198221683502
481.3462417125702
481.985538482666
482.6094329357147
483.20148944854736
483.8410134315491
484.4500777721405
485.03398418426514
485.6618490219116
486.3204734325409
487.0518419742584
487.72326016426086
488.39099049568176
488.9876854419708
489.47187328338623
490.20051765441895
490.8924403190613
491.57801365852356
492.186580657959
492.83599972724915
493.4772696495056
494.1341886520386
494.905611038208
495.5057032108307
496.173180103302
496.80849170684814
497.3808250427246
498.0225474834442
498.5915584564209
499.32322692871094
499.9144914150238
500.41157817840576
500.97551226615906
501.57944226264954
502.1165335178375
502.6779098510742
503.29345965385437
503.9782054424286
504.5514988899231
505.195193529129
505.78358721733093
506.31965255737305
506.8727285861969
507.4102771282196
508.0010681152344
508.5695869922638
509.1553032398224
509.65717911720276
510.2921688556671
510.8166182041168
511.4203269481659
511.88403487205505
512.3645496368408
512.9595160484314
513.6036596298218
514.133623123169
514.7208552360535
515.2871255874634
515.8567876815796
516.4259765148163
517.0205507278442
517.6085515022278
518.197860956192
518.7240886688232
519.2920198440552
519.8667981624603
520.4802803993225
521.1737997531891
521.7996578216553
522.4225435256958
523.0545568466187
523.7628722190857
524.376446723938
525.0367162227631
525.8635375499725
526.417402267456
527.1733462810516
527.9494345188141
528.5618276596069
529.4236097335815
530.1974637508392
530.9015467166901
531.4753925800323
532.1463372707367
532.8208482265472
533.3422937393188
534.00017619133
534.6228997707367
535.288302898407
535.9024534225464
536.7942237854004
537.3489427566528
537.8555455207825
538.4609541893005
539.0494065284729
539.7054142951965
540.23792552948
540.8609962463379
541.4581003189087
542.0277378559113
542.5435426235199
543.2496757507324
543.8377673625946
544.3393516540527
544.8793520927429
545.4857611656189
