[21.94608684]
[22.43326426]
[22.87290089]
[26.44322348]
[32.54354429]
[32.87265339]
[33.11409421]
[33.35987101]
[33.63364208]
[33.88961799]
[34.12652581]
[34.36730418]
[34.67438254]
[34.93165257]
[35.20154114]
[35.43777299]
[35.72321661]
[36.00097547]
[36.24562411]
[36.47388725]
[36.69633887]
[36.91275175]
[37.1478452]
[37.38618805]
[37.69035244]
[37.9343358]
[38.18235023]
[38.47261975]
[38.82417734]
[39.05400712]
[39.32457914]
[39.6080987]
[39.84381022]
[40.13238394]
[40.37852538]
[40.63592563]
[40.88543227]
[41.1231878]
[41.38416338]
[41.64462662]
[41.90727222]
[42.15847526]
[42.41434112]
[42.68490572]
[42.96099491]
[43.18672132]
[43.444275]
[43.71550744]
[43.98508873]
[44.23580484]
[44.51055849]
[44.78476028]
[45.04961994]
[45.33338149]
[45.60716305]
[45.87764874]
[46.1508316]
[46.41092641]
[46.65101035]
[46.89761472]
[47.37582877]
[47.65429714]
[47.90772307]
[48.16697707]
[48.41326618]
[48.64750636]
[48.91585701]
[49.17456453]
[49.42345519]
[49.70935659]
[49.9588794]
[50.20725009]
[50.47801931]
[50.76944897]
[51.01923053]
[51.29358809]
[51.57439823]
[51.84456842]
[52.14888177]
[52.44431815]
[52.69714396]
[52.93760369]
[53.1821341]
[53.41352274]
[53.6671293]
[53.91049826]
[54.15770516]
[54.41406274]
[54.66757987]
[54.93646488]
[55.21298738]
[55.4830987]
[55.77308958]
[56.06417248]
[56.35215907]
[56.62508388]
[56.91223843]
[57.16961479]
[57.44218678]
[57.72172568]
[57.97671111]
[58.25958745]
[58.52010868]
[58.78313794]
[59.03653023]
[59.30901129]
[59.56079688]
[59.83840859]
[60.08899298]
[60.66084092]
[60.91680505]
[61.17179036]
[61.49052629]
[61.7617826]
[62.01732404]
[62.27515094]
[62.54655149]
[62.79114034]
[63.08251054]
[63.37433538]
[63.64404254]
[63.90908511]
[64.16932521]
[64.43577316]
[64.71092932]
[64.9869808]
[65.2203407]
[65.47850842]
[65.71284654]
[65.96728661]
[66.20466764]
[66.43928561]
[66.67517147]
[66.91576369]
[67.15448382]
[67.42625413]
[67.65161662]
[67.91276867]
[68.15933089]
[68.40231543]
[68.67812436]
[68.95603507]
[69.24824975]
[69.52869222]
[69.80402536]
[70.08153856]
[70.34599564]
[70.62739067]
[70.89144256]
[71.15665009]
[71.41184223]
[71.67686229]
[71.95975759]
[72.2538924]
[72.5314266]
[72.79804463]
[73.07727222]
[73.38669555]
[73.73756325]
[73.97071629]
[74.20130534]
[74.49245183]
[74.71696763]
[74.95079203]
[75.21987891]
[75.46981819]
[75.71945858]
[75.97437806]
[76.2463166]
[76.5107687]
[76.78472247]
[77.03303401]
[77.36010904]
[77.63015203]
[77.88138299]
[78.12230957]
[78.38271687]
[78.63964636]
[78.89506135]
[79.15121713]
[79.42604082]
[79.70102205]
[79.9807111]
[80.2350801]
[80.49537835]
[80.75942917]
[81.0139971]
[81.28544323]
[81.5458956]
[81.78915977]
[82.05548041]
[82.32192526]
[82.61756692]
[82.88955061]
[83.15131254]
[83.41267698]
[83.67416587]
[83.95346301]
[84.2470561]
[84.50609343]
[84.77584457]
[85.03674271]
[85.30665944]
[85.61335447]
[85.91629224]
[86.18422151]
[86.47117033]
[86.72840266]
[87.00372388]
[87.30003135]
[87.58808846]
[87.86242292]
[88.12526176]
[88.41101148]
[88.69778147]
[88.95881834]
[89.20607722]
[89.45338054]
[89.73210049]
[90.04669456]
[90.33740029]
[90.63541355]
[90.91390181]
[91.28513288]
[91.59177294]
[91.87761648]
[92.16077101]
[92.48550754]
[92.77720344]
[93.07645524]
[93.3848273]
[93.72721026]
[94.03137019]
[94.32536073]
[94.61372361]
[94.92197943]
[95.22891722]
[95.51444988]
[95.79666903]
[96.06609435]
[96.36066945]
[96.62677546]
[96.89593091]
[97.16002266]
[97.42969735]
[97.67713945]
[97.94259593]
[98.25359049]
[98.55530508]
[98.83223865]
[99.11974416]
[99.43357284]
[99.73721693]
[100.08753438]
[100.40782292]
[100.70755997]
[101.00937777]
[101.28630474]
[101.5889509]
[101.89284213]
[102.18151658]
[102.48633456]
[102.80852683]
[103.08859572]
[103.34447701]
[103.62921166]
[103.92193999]
[104.18719075]
[104.46170287]
[104.83477993]
[105.09818838]
[105.37488341]
[105.62557609]
[105.8831764]
[106.12581756]
[106.43381367]
[106.7491596]
[107.01617904]
[107.27034132]
[107.53918955]
[107.78972411]
[108.06970012]
[108.36091125]
[108.6692347]
[108.94819598]
[109.1984092]
[109.52073181]
[109.77918344]
[110.10181952]
[110.39926414]
[110.67421503]
[110.9712986]
[111.25658796]
[111.5505157]
[111.83443768]
[112.15422118]
[112.44866829]
[112.73733704]
[113.04392867]
[113.31677451]
[113.62494478]
[113.90697076]
[114.20773726]
[114.49400861]
[114.7757498]
[115.07648966]
[115.50137041]
[115.77385409]
[116.05194666]
[116.3502037]
[116.62563322]
[116.88723283]
[117.16310997]
[117.46584911]
[117.72757044]
[117.99488921]
[118.24514136]
[118.52324371]
[118.78086753]
[119.05217776]
[119.29890614]
[119.56862011]
[119.87169535]
[120.14220896]
[120.40327721]
[120.68317106]
[120.94178414]
[121.22260125]
[121.50369225]
[121.79111722]
[122.06911826]
[122.34514728]
[122.63073723]
[122.89554372]
[123.16160054]
[123.42198441]
[123.67864587]
[123.93753886]
[124.19236054]
[124.44184453]
[124.68336859]
[124.96505094]
[125.21159794]
[125.4794646]
[125.71485765]
[125.96246839]
[126.22943838]
[126.52600143]
[126.78245108]
[127.03732121]
[127.30394235]
[127.57453892]
[127.84895287]
[128.13413973]
[128.41609507]
[128.69559722]
[128.96730115]
[129.24034681]
[129.53146236]
[129.80902836]
[130.11886196]
[130.40737734]
[130.67337606]
[130.9563992]
[131.23284397]
[131.50512934]
[131.84285688]
[132.09764493]
[132.38371234]
[132.67924004]
[132.94258063]
[133.23699419]
[133.51750178]
[133.84397881]
[134.12615535]
[134.39619954]
[134.66436894]
[134.96104407]
[135.22903302]
[135.49902248]
[135.82980595]
[136.1243264]
[136.40904889]
[136.73418579]
[136.996071]
[137.27374277]
[137.57229509]
[137.85400097]
[138.12113628]
[138.38837149]
[138.64414616]
[138.93512039]
[139.21013973]
[139.55114157]
[139.86469152]
[140.14157534]
[140.40555]
[140.67143509]
[140.93254478]
[141.20113165]
[141.48074389]
[141.74151189]
[142.01237595]
[142.32226756]
[142.69987473]
[142.98154619]
[143.29759011]
[143.55890236]
[143.82577782]
[144.08078301]
[144.35779841]
[144.61879921]
[144.89559631]
[145.17494907]
[145.44228802]
[145.71993878]
[145.98598454]
[146.2516757]
[146.54350884]
[146.80489798]
[147.08035519]
[147.3594326]
[147.63545318]
[147.90591965]
[148.17266831]
[148.46748211]
[148.74081805]
[149.01866665]
[149.28596203]
[149.5614429]
[149.82945855]
[150.08486578]
[150.33816807]
[150.6187151]
[150.89457343]
[151.16163452]
[151.44398029]
[151.72730203]
[151.98576279]
