27.589503049850464
28.2178897857666
28.707480430603027
29.52779984474182
29.776966094970703
30.055894374847412
30.744664907455444
31.01035189628601
31.259552240371704
31.52930760383606
31.87391972541809
32.16913414001465
32.448935985565186
32.77719497680664
33.06145930290222
33.331878423690796
33.62044429779053
33.88500952720642
34.14402413368225
34.42501759529114
34.706610441207886
35.04293084144592
35.26367998123169
35.52669930458069
36.066938638687134
36.436540842056274
37.47316312789917
38.930011510849
39.21678280830383
39.92096185684204
40.33064103126526
41.01264810562134
41.2907190322876
41.5850465297699
41.855239391326904
42.383460998535156
42.66986656188965
42.96095848083496
43.2073540687561
43.4183406829834
43.65848708152771
43.884889125823975
44.064018964767456
44.267292737960815
44.474711179733276
44.740013122558594
44.975476026535034
45.24057912826538
45.57672882080078
45.76353979110718
46.283180475234985
46.5537896156311
46.81786918640137
47.091068267822266
47.40839385986328
47.6780321598053
47.92018938064575
48.18477964401245
48.441654205322266
48.74761462211609
49.05276584625244
49.37900710105896
49.73776435852051
49.97434449195862
50.26397681236267
50.50629448890686
50.754393100738525
50.99446725845337
51.26493835449219
51.60858488082886
51.913763999938965
52.36376953125
52.73802399635315
53.039859771728516
53.41237020492554
53.73898005485535
54.05012583732605
54.40343165397644
54.684062242507935
55.03447103500366
55.315566062927246
55.569636821746826
55.83541655540466
56.104931354522705
56.36966943740845
56.62035322189331
56.89767003059387
57.153637409210205
57.41834282875061
57.74058938026428
58.07123923301697
58.32501935958862
58.569660902023315
58.81777381896973
59.12501239776611
59.417388916015625
59.660473346710205
59.96353721618652
60.211116552352905
60.46717309951782
60.72537064552307
60.977051973342896
61.21526908874512
61.47631287574768
61.754873514175415
62.02815222740173
62.34518885612488
62.60357475280762
62.9163818359375
63.22378349304199
63.45895457267761
63.761204957962036
64.03531169891357
64.32646584510803
64.59718370437622
64.85065293312073
65.12339329719543
65.40883612632751
65.6751971244812
65.96634149551392
66.23354959487915
66.50633978843689
66.7841784954071
67.04270339012146
67.30495023727417
67.55190348625183
67.79654955863953
68.05658316612244
68.3745973110199
68.60689210891724
68.84544658660889
69.092782497406
69.27290177345276
69.46121859550476
69.63092947006226
69.83432745933533
70.06170296669006
70.30557489395142
70.53524446487427
70.82495069503784
71.0711042881012
71.31554317474365
71.59838533401489
71.89678382873535
72.15390062332153
72.42614769935608
72.71746397018433
72.98576235771179
73.26231169700623
73.52808165550232
73.82266283035278
75.44388055801392
75.77131795883179
76.05591678619385
76.3515510559082
76.6230697631836
77.07713985443115
77.49725365638733
77.85650563240051
78.1167345046997
78.3372130393982
78.64588665962219
78.97584319114685
79.27212285995483
79.5770492553711
79.89467644691467
80.20440912246704
80.50209617614746
80.78752279281616
81.07026529312134
81.36783385276794
81.64826560020447
81.85158085823059
82.18776416778564
82.53900218009949
83.04512691497803
83.35537528991699
83.65206265449524
83.95219373703003
84.26770043373108
84.64456844329834
84.96050882339478
85.26705956459045
85.60072445869446
85.92810273170471
86.25406384468079
86.57414841651917
86.87899899482727
87.1933491230011
87.50097799301147
87.78990578651428
88.10025930404663
88.40076494216919
88.68866753578186
89.00088953971863
89.30314874649048
89.58153295516968
89.91657376289368
90.21213865280151
90.54862689971924
90.90736293792725
91.40310192108154
91.70015168190002
92.02770733833313
92.33074116706848
92.64731335639954
92.99609684944153
93.34521198272705
93.66480278968811
93.94239711761475
94.23835849761963
94.5770378112793
94.88049268722534
95.16628074645996
95.52145075798035
95.88042759895325
96.14775204658508
96.4430775642395
96.77616620063782
97.08191776275635
97.38658833503723
97.77351784706116
98.22685241699219
98.58339929580688
98.81876420974731
99.49832797050476
99.83096766471863
100.13554644584656
100.39253544807434
100.6764407157898
100.99390864372253
101.28644633293152
101.66206955909729
101.95780301094055
102.23306155204773
102.5244972705841
102.82502841949463
103.10848307609558
103.49898886680603
103.79089426994324
104.07865190505981
104.35692381858826
104.66017150878906
104.94955444335938
105.23879957199097
105.50696897506714
105.79183840751648
106.08996868133545
106.37767004966736
106.65581631660461
106.93598175048828
107.12586951255798
107.42877411842346
108.40370154380798
108.66540670394897
108.84737133979797
109.13352108001709
109.43009305000305
109.69523119926453
109.97764849662781
110.20233678817749
110.42675638198853
110.71449112892151
110.91152024269104
111.14432883262634
111.40834140777588
111.65719175338745
111.91613268852234
112.46945905685425
112.76379323005676
113.03972578048706
113.31060910224915
113.56511807441711
113.82293057441711
114.10483050346375
114.40340447425842
114.70997214317322
115.00749158859253
115.31361150741577
115.62129044532776
115.92452359199524
116.21567416191101
116.50804781913757
116.92933320999146
117.19265818595886
117.46120500564575
117.73390364646912
117.98641562461853
118.25204038619995
118.50542759895325
118.82665944099426
119.12806272506714
119.52737617492676
119.82901525497437
120.11369490623474
120.42475700378418
120.77818512916565
121.0782539844513
121.33367896080017
121.58242702484131
122.02269840240479
122.37095999717712
122.73809337615967
123.00320434570312
123.28319120407104
123.57544589042664
123.92920112609863
124.25402879714966
124.57323718070984
124.880704164505
125.18828701972961
125.55501818656921
126.31359148025513
126.77132606506348
127.00716876983643
127.88099455833435
128.33706736564636
128.68023300170898
129.0089750289917
129.3240089416504
129.59556031227112
129.8742871284485
130.1768193244934
130.46901392936707
130.7766091823578
131.08931040763855
131.39827251434326
131.6824607849121
131.97359371185303
132.26328706741333
132.5882749557495
132.88210272789001
133.176899433136
133.47576332092285
133.76080632209778
134.04768252372742
134.32145524024963
134.62269759178162
134.95997595787048
135.25344848632812
135.55532050132751
135.85087847709656
136.15825819969177
136.46708989143372
136.7964699268341
137.10132384300232
137.41075253486633
137.72135376930237
138.0369164943695
138.34402704238892
138.64438939094543
138.9631631374359
139.32143664360046
139.676265001297
139.98248600959778
140.46931624412537
140.7826976776123
141.11077213287354
141.46035289764404
141.78473472595215
142.09479546546936
142.39968061447144
142.7323293685913
143.06016755104065
143.40264582633972
143.74722242355347
144.1740357875824
144.53081154823303
144.83222222328186
145.15966773033142
145.545254945755
145.87886834144592
146.2175886631012
146.4912440776825
146.78994584083557
147.05945777893066
147.34775757789612
147.62657833099365
147.89835596084595
148.18805861473083
148.47283482551575
148.74421739578247
149.02618551254272
149.29567313194275
149.5606346130371
149.89671111106873
150.1525173187256
150.47897696495056
150.8168978691101
151.09407258033752
151.41582107543945
151.7256486415863
152.12728357315063
152.44950008392334
152.79255604743958
153.0578634738922
153.342942237854
153.60409808158875
153.86594557762146
154.1489131450653
154.41441011428833
154.68341755867004
155.00059270858765
155.31119513511658
155.68385696411133
155.99570608139038
156.30150055885315
156.5867486000061
156.87788152694702
157.18156337738037
157.4679205417633
157.76419591903687
158.0477340221405
158.32920622825623
158.6935031414032
158.96905207633972
159.29243159294128
159.5925714969635
159.89961576461792
160.18716049194336
160.61773204803467
160.97393560409546
161.34595942497253
161.68189573287964
161.99704885482788
162.46253561973572
162.82174563407898
163.12352347373962
163.48638010025024
163.77548623085022
164.20176815986633
164.58195447921753
165.0025749206543
165.3094081878662
165.67042994499207
166.0820713043213
166.42412662506104
166.78351879119873
167.18119978904724
167.50662088394165
167.85327053070068
168.21412920951843
168.6160364151001
168.8481843471527
169.0568299293518
169.26640558242798
169.50083255767822
169.72764039039612
170.06211829185486
170.28746128082275
170.50387525558472
170.764386177063
170.93212413787842
171.1144323348999
171.26950931549072
171.4316325187683
171.59037733078003