0.219132661819458
0.58260178565979
0.8421845436096191
1.0737378597259521
2.429375648498535
33.040851354599
33.2758355140686
33.51455521583557
33.758708477020264
34.008673429489136
34.263078927993774
34.53107571601868
34.759929895401
35.02087473869324
35.260600328445435
35.50531220436096
35.73276734352112
35.973374366760254
36.19949460029602
36.481006383895874
36.713643074035645
36.9468560218811
37.18030834197998
37.42604637145996
37.678285360336304
37.89280462265015
38.215274810791016
38.41995859146118
38.63232064247131
38.856813192367554
39.05898189544678
39.25569701194763
39.42855429649353
39.60619783401489
39.80652046203613
40.06166911125183
40.31586718559265
40.55079746246338
40.76390290260315
41.001455307006836
41.228681802749634
41.48191428184509
41.70932650566101
41.95182728767395
42.19380307197571
42.43615436553955
42.62881517410278
42.86631488800049
43.1520562171936
43.43507218360901
43.694214820861816
43.95527791976929
44.2129225730896
44.47466683387756
44.77329421043396
45.04103136062622
45.238054275512695
45.44455075263977
45.693694829940796
45.94387483596802
46.158138036727905
46.375409841537476
46.58002519607544
46.801615476608276
47.06356143951416
47.31333017349243
47.56802153587341
47.84318447113037
48.12181377410889
48.40888738632202
48.66860580444336
48.90481495857239
49.25134515762329
49.55932426452637
49.91069030761719
50.17545533180237
50.43793487548828
50.71903419494629
51.010679960250854
51.284244537353516
51.56613850593567
51.84532594680786
52.09912848472595
52.41851282119751
52.67962908744812
52.936017990112305
53.189982414245605
53.442286252975464
53.74242877960205
54.00653338432312
54.27500677108765
54.54828238487244
54.83879590034485
55.14618182182312
55.41400194168091
55.66975212097168
55.998037338256836
56.414427518844604
56.59668517112732
56.78533148765564
56.99009990692139
57.16651225090027
57.3766405582428
57.57226228713989
57.7549307346344
57.94030046463013
58.13758134841919
58.31292796134949
58.48883128166199
58.67742657661438
58.84862279891968
59.031128883361816
59.20947790145874
59.497416496276855
59.78351426124573
60.06373882293701
60.329185962677
60.59217071533203
60.866782903671265
61.16957497596741
61.42592716217041
61.68193244934082
61.93384861946106
62.21532464027405
62.516172647476196
62.84029293060303
63.162189245224
63.438740730285645
63.741050481796265
64.00560402870178
64.25423407554626
64.46917653083801
64.68156480789185
64.91208171844482
65.14713525772095
65.37568211555481
65.59640216827393
65.8336968421936
66.08873224258423
66.33866858482361
66.63026928901672
66.95739245414734
67.23590993881226
67.48573923110962
67.72761249542236
67.99593997001648
68.2626097202301
68.52461624145508
68.86073637008667
69.14522528648376
69.42521023750305
69.67725038528442
69.91150975227356
70.18410348892212
70.44929957389832
70.70734667778015
71.01939368247986
71.33152270317078
71.59447622299194
72.040940284729
72.23132014274597
72.45764088630676
73.37281203269958
73.67363619804382
73.94658613204956
74.21467518806458
74.46986722946167
74.74572038650513
75.0538022518158
75.36000657081604
75.64947819709778
75.95051717758179
76.21842193603516
76.52368426322937
76.75397634506226
77.00050806999207
77.24879169464111
77.5122287273407
77.7302725315094
77.99797797203064
78.27995347976685
78.563321352005
78.80298185348511
79.04722714424133
79.27958130836487
79.52704000473022
79.80283975601196
80.12419199943542
80.44073390960693
80.72833180427551
81.00724530220032
81.28462219238281
81.5728063583374
81.80617451667786
82.05669164657593
82.31706023216248
82.59432792663574
82.86852860450745
83.09227919578552
83.38303852081299
83.52949523925781
83.74475383758545
83.98664021492004
84.2667555809021
84.57468342781067
84.86370182037354
85.15520024299622
85.42957663536072
85.71745038032532
86.00402998924255
86.3209958076477
86.61611199378967
86.8877534866333
87.1596360206604
87.66156268119812
88.18731212615967
88.45953822135925
88.73950600624084
89.0485327243805
89.33268332481384
89.6385383605957
89.94339418411255
90.24671673774719
90.56179285049438
90.86816167831421
91.30808663368225
91.58486771583557
91.91280317306519
92.22524523735046
92.5322208404541
92.8339467048645
93.09709548950195
93.37462520599365
93.71637606620789
93.99074196815491
94.20554709434509
94.50289416313171
94.76361608505249
95.08378219604492
95.46266651153564
95.69371771812439
96.03126335144043
96.30972599983215
96.58127641677856
96.87089228630066
97.15018320083618
97.37632822990417
97.66075348854065
97.96791696548462
98.31930637359619
98.59762954711914
98.88226389884949
99.18666076660156
99.53241753578186
99.83304023742676
100.13777089118958
100.44625115394592
100.76424384117126
101.06343936920166
101.36191415786743
101.62517166137695
101.85451698303223
102.12871026992798
102.39923238754272
102.6719183921814
102.96031212806702
103.25585103034973
103.57098865509033
103.86928653717041
104.22699475288391
104.4961805343628
104.75467681884766
105.0059027671814
105.27667546272278
105.57771587371826
105.85020804405212
106.12377619743347
106.39287281036377
106.66927289962769
106.9770257472992
107.31382989883423
107.59182381629944
107.87416911125183
108.15131545066833
108.42959451675415
108.69633603096008
108.97200179100037
109.22456431388855
109.50652980804443
109.79038906097412
110.08659648895264
110.37222719192505
110.68066239356995
110.96804714202881
111.24552249908447
111.54885792732239
111.98246788978577
112.2817063331604
112.59081602096558
112.98835635185242
113.26539874076843
113.62554836273193
113.91457986831665
114.33969759941101
114.62424039840698
114.91384196281433
115.16023135185242
115.40672540664673
115.66580009460449
115.9336347579956
116.22311067581177
116.47695469856262
116.76968193054199
117.04541802406311
117.26846623420715
117.4814682006836
117.68626236915588
117.92094349861145
118.15895915031433
118.38717794418335
118.68233680725098
118.93353629112244
119.20578694343567
119.4713032245636
119.8767683506012
120.14070296287537
120.42655181884766
120.68670773506165
120.95357346534729
121.23045110702515
121.54908227920532
121.82374358177185
122.09641766548157
122.36549997329712
122.62957429885864
122.90497970581055
123.25674962997437
123.55344462394714
123.8469603061676
124.14706683158875
124.47125673294067
124.75478792190552
125.42201709747314
125.70169138908386
126.08242654800415
126.3510684967041
126.63099598884583
126.95569777488708
127.45219731330872
127.7169578075409
127.98565006256104
128.25209999084473
128.50824236869812
128.78159737586975
129.0615532398224
129.32334923744202
129.63399124145508
129.90100073814392
130.15759253501892
130.4912886619568
130.75823521614075
131.02398109436035
131.30335640907288
131.55080914497375
131.82782816886902
132.10786700248718
132.37490487098694
133.18819093704224
133.437429189682
133.7393741607666
134.0272753238678
134.2983968257904
134.58840990066528
134.8568890094757
135.14009428024292
135.4103593826294
135.6918830871582
135.99255561828613
136.26187562942505
136.59132289886475
136.85205125808716
137.1091480255127
137.38100457191467
137.6647047996521
137.95713210105896
138.2336769104004
138.46686673164368
138.7509286403656
139.01720666885376
139.28221154212952
139.54886388778687
139.82333183288574
140.08247685432434
140.34963393211365
141.2779242992401
141.55791330337524
141.8393898010254
142.1011700630188
142.38394451141357
142.68396401405334
142.98318004608154
143.281658411026
143.57449102401733
143.89197945594788
144.25825762748718
144.55715370178223
144.86052060127258
145.15777325630188
145.43704533576965
145.76537537574768
146.04453086853027
146.31670713424683
146.58147859573364
146.8945198059082
147.17876768112183
147.50965857505798
147.84947180747986
148.14021492004395
148.461665391922
148.92088770866394
149.20881962776184
149.5032365322113
149.78329968452454
150.07071661949158
150.36350750923157
150.67002844810486
150.98376560211182
151.28528833389282
151.61430764198303
151.9214472770691
152.22002005577087
152.4849829673767
152.71694421768188
152.95879459381104
153.21602201461792
153.47345113754272
153.81168222427368
154.05104565620422
154.28175330162048
154.52093148231506
154.70128512382507
154.90041160583496
155.10457944869995
155.29332280158997
155.47522592544556
155.66833639144897
155.89802479743958
156.09968376159668
156.28413033485413
156.51701068878174
156.7287359237671
156.9329206943512
157.13178396224976
157.33003687858582
157.5281627178192
157.72737503051758
157.9615821838379
158.2099814414978
158.47727131843567
158.76115679740906
159.05255579948425
159.34532594680786
159.6235749721527
159.9088215827942
160.223881483078
160.52726411819458
160.8602089881897
