32.470757722854614
32.95327663421631
33.756654500961304
34.49140691757202
35.07937145233154
35.49846124649048
35.86843299865723
36.47413945198059
36.88882637023926
37.351189851760864
37.758249044418335
38.13847875595093
38.52683210372925
38.934364318847656
39.34191107749939
39.74050569534302
40.148741722106934
40.55560851097107
40.92793321609497
41.34455847740173
41.75931930541992
42.20082235336304
42.61572861671448
43.01585102081299
43.414791107177734
43.83079552650452
44.272852659225464
44.69540190696716
45.176865100860596
45.59777235984802
45.91990399360657
46.33832669258118
46.76233267784119
47.37097120285034
48.13507533073425
48.590675354003906
49.542821645736694
49.96195650100708
50.303930044174194
50.67602729797363
51.17239332199097
51.583489179611206
51.934773683547974
52.34011626243591
52.77014946937561
53.192590951919556
53.544655323028564
53.923874855041504
54.32279634475708
54.70751667022705
55.107882499694824
55.55030536651611
55.98598790168762
56.396817684173584
56.819623947143555
57.236358880996704
57.65275526046753
58.05883240699768
58.4470796585083
58.850348472595215
59.259116888046265
59.73658776283264
60.12743258476257
60.52967429161072
60.90971899032593
61.31123352050781
61.69571900367737
62.137518882751465
62.5949330329895
63.00719332695007
63.462472438812256
63.86251926422119
64.2832236289978
64.73679399490356
65.17026591300964
65.55726623535156
65.91580200195312
66.25654101371765
66.59738159179688
67.00118637084961
67.4506995677948
67.88464903831482
68.30923271179199
68.74780559539795
69.13276100158691
69.55445528030396
70.0273027420044
70.46650314331055
70.8162522315979
71.11243486404419
71.51391315460205
71.90604496002197
72.3349621295929
72.75412273406982
73.17822122573853
73.61647534370422
74.02399206161499
74.43125414848328
74.87749218940735
75.28383898735046
75.75728797912598
76.31910634040833
76.67493939399719
77.07450985908508
77.54193925857544
77.93837428092957
78.43093776702881
78.90033006668091
79.36833882331848
79.85314702987671
80.97083783149719
81.2091691493988
81.5040192604065
81.98833918571472
82.39755630493164
82.82941460609436
83.25947451591492
83.7479681968689
84.18488121032715
84.65019869804382
85.04098296165466
85.47541761398315
85.90349531173706
86.29190611839294
86.6874372959137
87.03322768211365
87.40253853797913
87.7711546421051
88.17177152633667
88.58756709098816
89.0029866695404
89.45248746871948
89.83329939842224
90.21375465393066
90.5961103439331
91.00748419761658
91.5028018951416
91.93244361877441
92.36054968833923
92.72096061706543
93.1241512298584
93.53079795837402
93.93630623817444
94.40917301177979
94.89342308044434
95.29739093780518
95.75102162361145
96.19361972808838
96.63772296905518
97.01379346847534
97.50083661079407
97.9658305644989
98.4382255077362
98.89135718345642
99.36040806770325
99.85715103149414
100.32319188117981
100.84727787971497
101.31639909744263
101.7634789943695
102.21069073677063
102.70598649978638
103.1424789428711
103.69441795349121
104.15825200080872
104.54824256896973
104.91446805000305
105.33459854125977
105.74952268600464
106.13651204109192
106.58723425865173
107.0129005908966
107.47145700454712
107.93763947486877
108.372878074646
108.75808501243591
109.17259693145752
109.52667784690857
110.00378274917603
110.38350176811218
110.82676482200623
111.2366988658905
111.64571690559387
112.00248956680298
112.27631521224976
112.75413346290588
113.11374592781067
113.53504943847656
113.98801684379578
114.46772599220276
114.89528512954712
115.37315344810486
115.84996509552002
116.33596634864807
116.7775571346283
117.23749375343323
117.66496968269348
118.06437468528748
118.54135966300964
119.00575661659241
119.52469778060913
119.90649724006653
120.40480542182922
120.85651636123657
121.3578565120697
121.82590985298157
122.17095446586609
122.57175493240356
122.95256543159485
123.36476945877075
123.87857365608215
124.26177453994751
124.66049790382385
125.05395174026489
125.5047333240509
125.84855389595032
126.33664107322693
126.746018409729
127.25329518318176
127.62479996681213
128.08671712875366
128.4705514907837
128.88827323913574
129.33718466758728
129.74965596199036
130.1414396762848
130.52627396583557
130.87602877616882
131.29110193252563
131.58503913879395
131.9577522277832
132.32630944252014
132.69796323776245
133.10874843597412
133.4751889705658
133.81082963943481
134.1969063282013
134.54429650306702
134.96143078804016
135.33430242538452
135.72415328025818
136.2977373600006
136.72840189933777
137.1357226371765
137.52890729904175
138.00162768363953
138.39294457435608
138.8505551815033
139.20120787620544
139.69377899169922
140.05986261367798
140.40189051628113
140.81283450126648
141.2170855998993
141.58309769630432
141.96882104873657
142.51312613487244
143.02146577835083
143.48825526237488
143.8946270942688
144.34431672096252
144.80341410636902
145.34731483459473
145.7806100845337
146.20242595672607
146.7203869819641
147.16009998321533
147.72534561157227
148.08785152435303
148.5714349746704
148.97461795806885
149.4375603199005
149.86726212501526
150.36086583137512
150.75013160705566
151.0885727405548
151.45903277397156
151.86014127731323
152.2989182472229
152.7171368598938
153.15318179130554
153.52334833145142
153.9405574798584
154.36298370361328
154.78866481781006
155.2180953025818
155.6257541179657
156.06768321990967
156.462988615036
156.83253502845764
157.18925404548645
157.52473711967468
157.8905210494995
158.26682806015015
158.63051772117615
159.07712030410767
159.4895052909851
159.91455173492432
160.3209195137024
160.70690083503723
161.08314085006714
161.4919707775116
161.85975790023804
162.2079999446869
162.68289184570312
163.07662796974182
163.50739526748657
163.96782422065735
164.46429443359375
164.90455746650696
165.2872543334961
165.76785922050476
166.22885751724243
166.76189064979553
167.09247660636902
167.5070984363556
167.91118907928467
168.3730902671814
168.78279066085815
169.26723718643188
169.75643467903137
170.10112953186035
170.4922535419464
170.87887382507324
171.28729915618896
171.68605160713196
172.03767132759094
172.3930585384369
172.7944462299347
173.35045886039734
173.7895269393921
174.2797565460205
174.62819480895996
175.08419370651245
175.43841361999512
175.85700273513794
176.25456070899963
176.6461627483368
177.0803771018982
177.50492572784424
177.89461278915405
178.34781789779663
178.8041753768921
179.28287863731384
179.7042064666748
180.0950095653534
180.503324508667
180.88384437561035
181.3778429031372
181.79280948638916
182.2660195827484
182.6571660041809
183.0116171836853
183.43705701828003
183.8224892616272
184.23462295532227
184.71510934829712
185.19765305519104
185.6092095375061
185.99131202697754
186.41788744926453
186.8414967060089
187.36175513267517
187.83017563819885
188.3194761276245
188.72723293304443
189.1853165626526
189.70991611480713
190.2522852420807
190.71819806098938
191.17168021202087
191.56563925743103
191.96043300628662
192.38692474365234
192.7053883075714
193.00150299072266
193.3883855342865
193.8723907470703
194.3140721321106
194.73945212364197
195.1435351371765
195.56586027145386
195.93996572494507
196.4338662624359
196.8544945716858
197.25960540771484
197.69325470924377
198.105810880661
198.5591344833374
198.94459700584412
199.37914061546326
199.81601190567017
200.285297870636
200.72447061538696
201.20105409622192
201.6331603527069
202.00051951408386
202.416668176651
202.87740063667297
203.27149391174316
203.71667432785034
204.13017511367798
204.58439254760742
205.0232334136963
205.48166799545288
205.90531706809998
206.40919828414917
206.82587146759033
207.25360131263733
207.66149640083313
208.07523608207703
208.47348809242249
208.92892718315125
209.36247849464417
209.75901770591736
210.13207125663757
210.56936073303223
210.98419833183289
211.3889594078064
211.82802033424377
212.256249666214
212.653076171875
213.08653736114502
213.613938331604
214.11481165885925
214.47868967056274
214.9194781780243
215.28736352920532
215.7376570701599
216.1278781890869
216.55999207496643
217.0305712223053
217.52449488639832
217.96978211402893
218.4206566810608
218.80921268463135
219.22587943077087
219.650732755661
220.1042995452881
220.51487851142883
220.9706907272339
221.34923648834229
221.75471997261047
222.1355175971985
222.5273940563202
222.8801350593567
223.3371090888977
223.80599069595337
224.18911790847778
224.5863447189331
225.00080180168152
225.3805775642395
225.786559343338
226.22294902801514
226.60011911392212
227.03863334655762
227.5273313522339
227.97953128814697
228.47768020629883
228.8924913406372
229.33641529083252
229.75470614433289
230.15985131263733
230.58700728416443
231.10280179977417
231.47200775146484
231.8509168624878
232.33875560760498
232.7993540763855
233.13597416877747
233.37386560440063
233.75059461593628
234.18904423713684
234.62093377113342
235.00919032096863
235.4369239807129
235.8449192047119
236.20371270179749
236.624098777771
237.00517296791077
237.41441583633423
237.8534471988678
238.28300547599792
238.71269965171814
239.18167805671692
239.6379313468933
240.0826621055603
240.62346959114075
241.07136416435242
241.4628689289093
241.8037130832672
242.1939070224762
242.58573174476624
243.0307686328888
243.4844262599945
243.86318230628967
244.26631426811218
244.67956161499023
245.11741590499878
245.5324206352234
245.8915994167328
