27.951606035232544
28.824951648712158
29.66581678390503
30.348516702651978
30.920071840286255
31.527370929718018
32.10331702232361
32.92216968536377
33.57837414741516
34.17580246925354
34.71487331390381
35.371108055114746
35.90192794799805
36.54079341888428
37.13142371177673
37.69406485557556
38.233057737350464
38.91865110397339
39.53356051445007
40.03793287277222
40.67048120498657
41.35807180404663
41.94191336631775
42.6172194480896
43.26661968231201
43.914894819259644
44.55747032165527
45.16586995124817
45.78465700149536
46.404091358184814
47.09037232398987
47.698888301849365
48.32044982910156
48.93776178359985
49.65458869934082
50.247586488723755
50.91759634017944
51.494863986968994
52.141223669052124
52.75118613243103
53.351638317108154
53.98710012435913
54.57553672790527
55.245737075805664
55.81527900695801
56.4375958442688
56.99092173576355
57.539825677871704
58.0824248790741
58.6941077709198
59.238776445388794
59.88834238052368
60.33271622657776
60.88305354118347
61.46592450141907
62.071751832962036
63.40055203437805
63.682111740112305
64.25147485733032
64.89378905296326
65.53955292701721
66.21710133552551
66.72414231300354
67.3323106765747
67.87439441680908
68.4939169883728
69.0142674446106
69.65132522583008
70.2915244102478
70.89515995979309
71.52035069465637
72.07385420799255
72.61717653274536
73.17990398406982
73.72671866416931
74.291832447052
74.91445922851562
75.47336101531982
76.04654121398926
76.69108557701111
77.23411083221436
77.78334450721741
78.42880082130432
79.08667039871216
79.73901844024658
80.4639880657196
81.06123638153076
81.65561032295227
82.25036215782166
82.89117908477783
83.43404197692871
84.3026385307312
84.94013333320618
85.47971701622009
86.0509090423584
86.64851784706116
87.29721093177795
87.90592098236084
88.47600245475769
89.0883526802063
89.68893122673035
90.3048825263977
90.91556477546692
91.48970413208008
92.08363270759583
92.66806626319885
93.3373486995697
93.89776229858398
94.43459343910217
95.02474474906921
95.66167092323303
96.3667824268341
97.02559089660645
97.67623567581177
98.29807114601135
99.00856757164001
99.65793490409851
100.26676607131958
100.96821761131287
101.59464836120605
102.25833106040955
102.87678980827332
103.58146500587463
104.19537281990051
104.81077718734741
105.47647762298584
106.08244276046753
106.69461846351624
107.37735962867737
108.07736682891846
108.71838998794556
109.39322805404663
110.0337975025177
110.72443222999573
111.39428567886353
111.98651123046875
112.58659553527832
113.26815557479858
113.95656514167786
114.61526441574097
115.27597236633301
115.86374950408936
116.54157280921936
117.18081712722778
117.72118544578552
118.2886049747467
118.85749578475952
119.51759934425354
120.12451577186584
120.76431846618652
121.42237997055054
121.99553155899048
122.68303990364075
123.29290795326233
123.93010830879211
124.5403504371643
125.15785527229309
125.75935125350952
126.59845328330994
127.12412142753601
127.86433911323547
128.35169553756714
128.9436330795288
129.67339372634888
130.2565484046936
130.9185380935669
131.48875832557678
132.13401222229004
132.8037929534912
133.373384475708
133.96206879615784
134.60853505134583
135.2078356742859
135.77801656723022
136.41091179847717
136.94589257240295
137.558096408844
138.13089060783386
138.71182465553284
139.26357293128967
139.8387587070465
140.51120519638062
141.21450805664062
141.81102442741394
142.49578380584717
143.14408349990845
143.76161766052246
144.39377450942993
145.03416323661804
145.62147116661072
146.25010681152344
146.87506985664368
147.5497534275055
148.17817735671997
148.81740856170654
149.4282054901123
150.0454227924347
150.68354511260986
151.2905707359314
151.91486310958862
152.62725496292114
153.22259998321533
153.79828476905823
154.371732711792
154.96358156204224
155.6817467212677
156.29528212547302
156.93415522575378
157.58475065231323
158.17451310157776
158.73261094093323
159.32665944099426
159.87363934516907
160.53371357917786
161.139075756073
161.6972575187683
162.33968806266785
162.92196536064148
163.50106716156006
164.09365105628967
164.72464537620544
165.2272434234619
165.84736847877502
166.38625931739807
166.9553406238556
167.40734720230103
167.96437048912048
168.62304711341858
169.1915693283081
169.8511929512024
170.41351556777954
171.05508041381836
171.6473298072815
172.2603325843811
172.80873465538025
173.3557789325714
173.9728548526764
174.55092191696167
175.11108946800232
175.70326447486877
176.24354457855225
176.83591866493225
177.40244841575623
178.02044129371643
178.55722570419312
179.18559455871582
179.75052189826965
180.3562879562378
180.90713214874268
181.52735590934753
182.0853304862976
182.6511082649231
183.28984332084656
183.87230253219604
184.4788031578064
185.04427242279053
185.66444420814514
186.29660749435425
186.94263982772827
187.5301651954651
188.08678030967712
188.66524386405945
189.27606201171875
189.83862400054932
190.37505412101746
190.9450228214264
191.54059982299805
192.11791133880615
192.67058300971985
193.33098578453064
193.98944282531738
194.53453826904297
195.11198449134827
195.72290301322937
196.27076959609985
196.84308052062988
197.35738062858582
197.93205499649048
198.46703267097473
199.01396822929382
199.53048706054688
200.0920000076294
200.68236708641052
201.16362857818604
201.819664478302
202.4064064025879
202.9882309436798
203.55365204811096
204.17678666114807
204.80517578125
205.39855217933655
205.93752694129944
206.51224756240845
207.0574185848236
207.61410474777222
208.2182891368866
208.80597352981567
209.39719581604004
210.01109147071838
210.5757737159729
211.18428826332092
211.76330471038818
212.40636825561523
212.97073125839233
213.48353481292725
214.0441873073578
214.58610820770264
215.15439534187317
215.7206757068634
216.2656762599945
216.8030126094818
217.3331069946289
217.86557507514954
218.51266026496887
219.03567600250244
219.82268738746643
220.42500853538513
221.08337998390198
221.6645233631134
222.22076964378357
222.88669180870056
223.48962903022766
224.08723950386047
224.68494367599487
225.3663969039917
225.9973509311676
226.59228944778442
227.26991415023804
227.85781359672546
228.42614316940308
229.0191764831543
229.65975046157837
230.33561372756958
231.10097455978394
231.8373031616211
232.62651896476746
233.2081995010376
233.8578245639801
234.46646785736084
235.02547311782837
235.58580088615417
236.13157153129578
236.7828381061554
237.54285335540771
238.19373440742493
238.82604384422302
239.6098279953003
240.24487829208374
240.89792919158936
241.57960677146912
242.21790885925293
242.82848596572876
243.48140501976013
244.16549634933472
244.9389626979828
245.48606514930725
246.1200475692749
246.75115728378296
247.37998008728027
247.99859237670898
248.56732606887817
249.08463740348816
249.65214085578918
250.2139172554016
250.85857820510864
251.41592693328857
252.03275513648987
252.65486073493958
253.2301847934723
253.8649537563324
254.47584700584412
255.02375721931458
255.63794374465942
256.1264555454254
256.61984395980835
257.18389987945557
257.7699205875397
258.3606221675873
258.8843836784363
259.58293104171753
260.28345942497253
260.91929864883423
261.54449701309204
262.14583134651184
262.6890301704407
263.25675535202026
263.865407705307
264.44115471839905
265.1002233028412
265.762490272522
266.34337091445923
266.97307324409485
267.62047958374023
268.32475423812866
268.96470046043396
269.52364110946655
270.19403553009033
270.91351652145386
271.55484318733215
272.2424886226654
272.8306550979614
273.42777037620544
274.02491092681885
274.6302707195282
275.16471219062805
275.8233587741852
276.35976791381836
276.9291808605194
277.53445768356323
278.13662219047546
278.7536735534668
279.4057402610779
279.94722175598145
280.5644545555115
281.2264266014099
281.8225202560425
282.3618061542511
282.92459893226624
283.4959878921509
284.0370488166809
284.6420440673828
285.22286081314087
285.8193247318268
286.4108021259308
287.01346588134766
287.59757590293884
288.1872544288635
288.82525753974915
289.4085166454315
289.9401559829712
290.52410912513733
291.16612339019775
291.73550820350647
292.3698089122772
292.9520962238312
293.65991044044495
294.31799483299255
294.9410514831543
295.6021509170532
296.25977873802185
296.9896731376648
297.68716502189636
298.3712239265442
299.0817265510559
299.72035217285156
300.3874320983887
301.03469038009644
302.3050708770752
302.7906572818756
303.4089367389679
303.99418592453003
304.63913893699646
305.2557156085968
305.8317770957947
306.4596858024597
307.0963637828827
307.86131381988525
308.39959836006165
308.98566460609436
309.8170232772827
310.41590189933777
311.09177350997925
311.7498450279236
312.3621914386749
313.03179597854614
313.60720586776733
314.1292884349823
314.711106300354
315.3513271808624
315.87985587120056
316.4483678340912
316.8931636810303
317.4662308692932
318.0141077041626
318.5497889518738
319.13408875465393
319.7390720844269
320.45311427116394
321.1104860305786
321.76212453842163
322.36729884147644
323.01982736587524
323.6227011680603
324.21900725364685
324.81507301330566
325.4148733615875
326.18067741394043
326.84509801864624
327.49864506721497
328.06892013549805
328.6713697910309
329.39094734191895
329.94484400749207
330.6081659793854
331.1747443675995
331.88499426841736
332.44559383392334
333.0713016986847
333.48503851890564
334.0796449184418
334.65847516059875
335.23511505126953
335.8063657283783
336.3595142364502
336.99301409721375
337.68196964263916
338.2668013572693
338.9395225048065
339.566379070282
340.21180987358093
340.89175724983215
341.4517574310303
342.0588335990906
342.57903933525085
343.18779397010803
343.83150696754456
344.4355306625366
345.02519154548645
345.70373916625977
346.3754017353058
346.9407994747162
347.6625964641571
348.27754831314087
348.9355173110962
349.69785356521606
350.2777478694916
350.7947573661804
351.4564914703369
352.12695240974426
352.83357667922974
353.45654368400574
354.06158328056335
354.6939437389374
355.3458631038666
356.01078510284424
356.73030972480774
357.56258940696716
358.2065224647522
358.8442499637604
359.49156880378723
360.00417590141296
360.59718203544617
361.2569239139557
361.93749499320984
362.7468638420105
363.3669738769531
363.93123745918274
364.59713077545166
365.2359640598297
365.81169843673706
366.39467883110046
367.0114514827728
367.6417763233185
368.4088523387909
369.0609974861145
369.70302748680115
370.3319664001465
370.9234232902527
371.60374212265015
372.2688932418823
372.8369770050049
373.46596574783325
374.04022550582886
374.61094427108765
375.2053413391113
375.809770822525
376.4253077507019
377.01831316947937
377.5879650115967
378.2617256641388
378.841912984848
379.4950659275055
380.0453133583069
380.7292015552521
381.27563190460205
381.8542459011078
382.48223996162415
383.091854095459
383.6225805282593
384.33874797821045
384.9817216396332
385.6067485809326
386.20152020454407
386.80922985076904
387.4006402492523
387.95120096206665
388.58796739578247
389.14863085746765
389.7052001953125
390.2937743663788
390.911744594574
391.61900186538696
392.25570487976074
392.890163898468
393.54933166503906
394.1885006427765
394.71873354911804
395.31090807914734
395.97837948799133
396.6330382823944
397.17657709121704
397.6859679222107
398.2864968776703
398.8827304840088
399.42244005203247
399.9468879699707
400.5627233982086
401.12713503837585
401.70352435112
402.2528157234192
402.81931495666504
403.39664101600647
403.9681725502014
404.53277492523193
405.20261096954346
405.78728342056274
406.3363916873932
407.0046982765198
407.5350306034088
408.1612169742584
408.792809009552
409.411776304245
410.1069588661194
410.69856905937195
411.3683297634125
411.9663484096527
412.5431065559387
413.1282320022583
413.7468569278717
414.357293844223
414.9318537712097
415.51044726371765
416.16292786598206
416.6616048812866
417.2743573188782
417.8967664241791
418.4966161251068
419.13053345680237
420.01168608665466
420.67854356765747
421.26765608787537
421.97909140586853
422.5719268321991
423.1914038658142
423.8072648048401
424.3674759864807
424.99472427368164
425.53660702705383
426.17471837997437
426.805757522583
427.51000571250916
428.04339504241943
428.62457728385925
429.28922843933105
429.82789373397827
430.3144118785858
430.9610800743103
431.58211731910706
432.2306113243103
432.78232979774475
433.4581387042999
434.1379098892212
434.85195541381836
435.433762550354
436.11321806907654
436.7862696647644
437.32042837142944
437.8768813610077
438.49556255340576
439.1254234313965
439.7699656486511
440.3210299015045
440.90758752822876
441.4633512496948
442.0752956867218
442.67580914497375
443.2761173248291
444.1847791671753
444.6638877391815
445.2567734718323
445.94928073883057
446.5020098686218
447.07284712791443
447.7658894062042
448.37925815582275
448.85778427124023
449.4856147766113
450.0825400352478
450.66242480278015
451.3430438041687
452.0663061141968
452.6784417629242
453.3110089302063
453.8840162754059
454.42631578445435
455.03987169265747
455.62692761421204
456.2639548778534
457.1630256175995
457.885614156723
458.47479152679443
459.10486817359924
459.70170044898987
460.27556705474854
460.898934841156
461.4753272533417
462.0751967430115
462.71547746658325
463.35840368270874
463.8950619697571
464.4743094444275
465.1225414276123
465.7727882862091
466.37098813056946
467.01573038101196
467.60970520973206
468.1435570716858
468.722464799881
469.31156611442566
469.9515850543976
470.58247661590576
471.1821708679199
471.867959022522
472.46022272109985
473.15381956100464
473.667804479599
474.21065974235535
474.8388662338257
475.5771486759186
476.17965626716614
476.7353138923645
477.37036085128784
477.98156356811523
478.61512446403503
479.1375558376312
479.75535106658936
480.4458816051483
481.1712625026703
481.78513383865356
482.4181778430939
483.14563608169556
483.80503606796265
484.43593859672546
485.0387690067291
485.7060692310333
486.28067445755005
486.8353922367096
487.4793612957001
488.1279182434082
488.76709508895874
489.4435021877289
490.02471017837524
490.69911432266235
491.36161518096924
492.00893235206604
492.6133954524994
493.17420768737793
493.827241897583
494.43822979927063
495.01407051086426
495.63831067085266
496.25361943244934
496.85733246803284
497.53265929222107
498.1549394130707
498.7978367805481
499.42677903175354
500.0355427265167
500.6887352466583
501.41405868530273
501.9884703159332
502.5789830684662
503.1588795185089
503.7702989578247
504.3489384651184
504.97250533103943
505.59075903892517
506.16222405433655
506.79225635528564
507.39441299438477
508.0035526752472
508.5629725456238
509.17035365104675
509.7418177127838
510.3370418548584
511.02554726600647
511.5941061973572
512.3108420372009
512.9450697898865
513.6348598003387
514.281902551651
514.8816390037537
515.5198907852173
516.1223073005676
516.7227759361267
517.3467218875885
517.8442001342773
518.4181177616119
519.0247738361359
519.654983997345
520.3235013484955
520.9308936595917
521.4683504104614
521.9951825141907
522.5225031375885
523.0997624397278
523.7001745700836
524.3240208625793
524.948694229126
525.4373526573181
525.9732255935669
526.5582849979401
527.1358156204224
527.7318522930145
528.4114103317261
528.9235770702362
529.5852808952332
530.1233646869659
530.6547999382019
531.3829205036163
531.9073460102081
532.4757568836212
533.0111286640167
533.5954999923706
534.2665319442749
534.7870016098022
535.4522058963776
536.0043776035309
536.5787794589996
537.0898432731628
537.8324882984161
538.434285402298
539.0335500240326
