[87.06333773]
[87.53187644]
[87.98672988]
[88.46742356]
[88.88959305]
[89.29585993]
[89.72986465]
[90.14111838]
[90.56300514]
[90.97465177]
[91.38635879]
[91.79638531]
[92.22000329]
[92.63068128]
[93.03632116]
[93.4512871]
[93.88212755]
[94.30077128]
[94.71242845]
[95.14186473]
[95.55583546]
[96.0001385]
[96.39568315]
[96.830144]
[97.25217519]
[97.69159944]
[98.10448403]
[98.52899966]
[98.93991852]
[99.35864699]
[99.77880137]
[100.22170892]
[100.63899441]
[101.10551755]
[101.49736481]
[101.97643332]
[102.39264078]
[102.79792092]
[103.24412735]
[103.67400377]
[104.10431674]
[104.54405308]
[104.95087843]
[105.53573031]
[105.99023261]
[106.35657115]
[106.77053242]
[107.21551132]
[107.6040853]
[108.02702441]
[108.46110032]
[108.88522723]
[109.32229803]
[109.75829639]
[110.18748727]
[110.60941286]
[111.02258868]
[111.44561496]
[111.85115821]
[112.27605619]
[112.71887722]
[113.11612146]
[113.5354737]
[113.93229232]
[114.37999609]
[114.79717224]
[115.2298624]
[115.6566329]
[116.06438358]
[116.51167054]
[116.90481951]
[117.32726953]
[117.75448306]
[118.15738049]
[118.56204174]
[118.990518]
[119.40194623]
[119.80722051]
[120.23652959]
[120.65062523]
[121.09071677]
[121.52041571]
[121.95283532]
[122.39647334]
[122.82378898]
[123.24125252]
[123.68608315]
[124.10036161]
[124.50609066]
[124.92663641]
[125.36332741]
[125.79867213]
[126.19764605]
[126.61487606]
[127.00789697]
[127.42331769]
[127.86750009]
[128.25830772]
[128.69677279]
[129.13521647]
[129.5691659]
[129.96191897]
[130.36675684]
[130.79222851]
[131.18446178]
[131.58864427]
[132.02039185]
[132.44998336]
[132.88183787]
[133.35912707]
[133.7558933]
[134.15566766]
[134.61156921]
[135.02594051]
[135.45122764]
[135.8863549]
[136.3183517]
[136.73991902]
[137.17605889]
[137.60812988]
[138.02616177]
[138.4591131]
[138.8565408]
[139.26554122]
[139.680602]
[140.11106687]
[140.51123922]
[140.94298911]
[141.36433055]
[141.78223615]
[142.21448386]
[142.61949413]
[143.0464144]
[143.47950039]
[143.90741961]
[144.35011022]
[144.77317221]
[145.18240917]
[145.58799288]
[146.0313194]
[146.45635457]
[146.87073939]
[147.31819968]
[147.74809599]
[148.15730455]
[148.60578921]
[149.03937335]
[149.49974892]
[149.89263165]
[150.31702821]
[150.74436033]
[151.19740188]
[151.65853393]
[152.12323434]
[152.54160185]
[152.98020606]
[153.43083847]
[153.85705948]
[154.28615382]
[154.70305145]
[155.14884634]
[155.5480305]
[156.01901445]
[156.44246047]
[156.88011456]
[157.29746029]
[157.72673044]
[158.12797027]
[158.55794053]
[158.97832544]
[159.41507409]
[159.84173801]
[160.29083004]
[160.71416061]
[161.13527508]
[161.56825154]
[162.006934]
[162.44863484]
[162.87119114]
[163.30404987]
[163.73908811]
[164.14959302]
[164.57908196]
[164.97807393]
[165.40741048]
[165.82481046]
[166.39877954]
[166.82629125]
[167.24416962]
[167.65996819]
[168.12008898]
[168.56613812]
[168.98796408]
[169.41867435]
[169.84888752]
[170.28279917]
[170.70909228]
[171.15034006]
[171.58184698]
[172.02458344]
[172.45092735]
[172.89185233]
[173.30459335]
[173.73488436]
[174.1805408]
[174.58721583]
[175.01666648]
[175.50696602]
[175.91311905]
[176.33111262]
[176.7487402]
[177.18075793]
[177.59041934]
[178.02083926]
[178.42601452]
[178.88115592]
[179.3170773]
[179.76259995]
[180.19754708]
[180.64935973]
[181.09964108]
[181.51803694]
[181.96425114]
[182.36952739]
[182.79993412]
[183.23981941]
[183.66334941]
[184.11412792]
[184.51453192]
[184.91947207]
[185.33208156]
[185.73521934]
[186.14746568]
[186.54488051]
[186.9400398]
[187.35759857]
[187.76896501]
[188.20458775]
[188.65048981]
[189.06281335]
[189.52666664]
[189.96799617]
[190.40324755]
[190.82893679]
[191.26034658]
[191.69038246]
[192.13625808]
[192.65535347]
[193.08435781]
[193.62857764]
[194.05572877]
[194.47069325]
[194.9041425]
[195.32925179]
[195.76189032]
[196.21800845]
[196.66473258]
[197.09787881]
[197.51632235]
[197.97771299]
[198.42794547]
[198.85417762]
[199.26758814]
[199.70006673]
[200.1616112]
[200.57559729]
[201.0504914]
[201.46034818]
[201.94625793]
[202.39063079]
[202.82861283]
[203.24441159]
[203.68102226]
[204.10246572]
[204.48940852]
[204.91248758]
[205.33571656]
[205.75891628]
[206.17498569]
[206.6195262]
[207.03459024]
[207.45551059]
[207.87009342]
[208.30827847]
[208.74171188]
[209.17097654]
[209.59731057]
[210.02990212]
[210.48576653]
[210.91181264]
[211.32783818]
[211.75078769]
[212.17307701]
[212.59911849]
[213.02516773]
[213.46222332]
[213.88054004]
[214.31572275]
[214.74465697]
[215.16554091]
[215.59438756]
[216.03086395]
[216.46521089]
[216.89082584]
[217.33075576]
[217.74485106]
[218.18807511]
[218.62746739]
[219.06766605]
[219.51332734]
[219.95265269]
[220.4587034]
[220.94521081]
[221.39385972]
[221.83847687]
[222.2525218]
[222.67048311]
[223.10967157]
[223.55444155]
[223.98921444]
[224.4229176]
[224.86013341]
[225.30327632]
[225.75269413]
[226.23110418]
[226.67847414]
[227.10880151]
[227.56271117]
[228.01429281]
[228.47071347]
[228.91253188]
[229.33482299]
[229.75133207]
[230.22694232]
[230.64304268]
[231.04647574]
[231.46161537]
[231.89327126]
[232.30277927]
[232.73219073]
[233.15836422]
[233.60061684]
[234.04520874]
[234.47814186]
[234.88442304]
[235.33627019]
[235.77600462]
[236.21839085]
[236.66419663]
[237.09676111]
[237.54775467]
[237.9773267]
[238.4144104]
[238.86287529]
[239.26639469]
[239.70515378]
[240.13158429]
[240.55116246]
[240.96979237]
[241.39033785]
[241.80638649]
[242.25394788]
[242.66591733]
[243.08744857]
[243.47765474]
[243.93435988]
[244.37126477]
[244.81426005]
[245.25657947]
[245.68978393]
[246.08653982]
[246.5312665]
[246.97260182]
[247.39590616]
[247.82045851]
[248.25933449]
[248.70242453]
[249.15455422]
[249.57798061]
[249.98403752]
[250.40317276]
[250.84231226]
[251.27046494]
[251.72078402]
[252.18177528]
[252.61646771]
[253.08504384]
[253.51714201]
[253.92142403]
[254.33468606]
[254.76342609]
[255.22458334]
[255.65101519]
[256.10283728]
[256.51241755]
[256.92592797]
[257.37170646]
[257.83030643]
[258.28617156]
[258.72082155]
[259.17486775]
[259.62732296]
[260.07860289]
[260.52766969]
[260.95806341]
[261.38134012]
[261.83837993]
[262.30169973]
[262.72859116]
[263.1569231]
[263.58816013]
[264.03254437]
[264.50872669]
[264.95879984]
[265.42753024]
[265.86412668]
[266.29680667]
[266.7104553]
[267.13592324]
[267.58538313]
[268.01360788]
[268.43527267]
[268.87487988]
[269.32361796]
[269.77404327]
[270.21805682]
[270.68291423]
[271.1324537]
[271.55695109]
[272.00003676]
[272.44637618]
[272.89150872]
[273.34904847]
[273.80923891]
[274.2572475]
[274.69627104]
[275.15059652]
[275.61394975]
[276.06445398]
[276.51794183]
[276.97822087]
[277.4345453]
[277.95668232]
[278.41517656]
[278.92070243]
[279.55878913]
[280.29081821]
[280.79882722]
[281.43671167]
[282.21322625]
[282.78755791]
[283.32544525]
[283.97665124]
[284.87980387]
[285.64384935]
[286.29693344]
[286.81994178]
[287.38758769]
[287.97946982]
[288.50334101]
[289.08104956]
[289.66332362]
[290.3044924]
[290.96274552]
[291.58305409]
[292.20107956]
[292.79530373]
[293.34072356]
[293.80458143]
[294.26710546]
[294.71533008]
[295.20949655]
[295.68448067]
[296.14188819]
[296.60623944]
[297.03882542]
[297.45804543]
[297.85657189]
[298.26550562]
[298.69215796]
[299.12544265]
[299.5486793]
[299.95928824]
[300.37084601]
[300.81513875]
[301.23771219]
[301.66810482]
[302.09190543]
[302.50977268]
[302.90001209]
[303.29855211]
[303.69742746]
[304.0941056]
[304.5070188]
[304.90119448]
[305.3104862]
[305.72666888]
[306.1068083]
[306.49767997]
[306.87458634]
