26.499536752700806
26.748878002166748
27.16311001777649
27.38804006576538
27.661673069000244
28.032748460769653
28.360110998153687
28.633193731307983
28.84946870803833
29.08755350112915
29.324909925460815
29.52768349647522
29.794694900512695
30.015352725982666
30.33227849006653
30.53558874130249
30.761908054351807
31.1618230342865
31.414016008377075
31.687472820281982
31.955188751220703
32.3105149269104
32.56468605995178
32.77873754501343
33.035637617111206
33.296730756759644
33.54174280166626
33.80404472351074
34.11709713935852
34.32214832305908
34.6170437335968
34.83531045913696
35.05591344833374
35.26395773887634
35.50692415237427
35.735780477523804
36.08928990364075
36.65935921669006
36.951087951660156
37.26733922958374
37.48359823226929
37.70330834388733
37.91947889328003
38.137574911117554
38.37004041671753
38.60829424858093
38.8822660446167
39.12126851081848
39.37062621116638
39.62816619873047
39.87131381034851
40.132845878601074
40.40807294845581
40.71460270881653
40.98489451408386
41.27129864692688
41.57947397232056
41.87681174278259
42.14151906967163
42.44538855552673
42.73597192764282
43.008835792541504
43.23081064224243
43.535414695739746
43.749972343444824
43.969629526138306
44.18837761878967
44.40287256240845
44.62368035316467
44.8701069355011
45.09977173805237
45.31520366668701
45.562572717666626
45.78319311141968
45.93932271003723
46.19990849494934
46.50307559967041
47.11828565597534
48.02145576477051
48.63504409790039
48.94914102554321
49.230140686035156
49.50802826881409
49.847557067871094
50.174410581588745
50.46966910362244
50.7852418422699
51.24472975730896
51.58773159980774
51.93082571029663
52.15086078643799
52.39939594268799
52.68546962738037
52.910401582717896
53.22248125076294
53.45688199996948
53.69672131538391
53.96698474884033
54.1955509185791
54.47040557861328
54.83886003494263
55.11833596229553
55.962421894073486
56.228938579559326
56.503578424453735
56.79289221763611
57.09791302680969
57.3887882232666
57.67710614204407
58.192179679870605
59.43191909790039
59.63467335700989
59.80909514427185
60.000669717788696
60.18305993080139
60.35946249961853
60.650859355926514
60.901761293411255
61.16398239135742
61.45566272735596
61.68202805519104
61.94093322753906
62.162036180496216
62.3788366317749
62.61461281776428
62.83521294593811
63.06431722640991
63.271700859069824
63.50135660171509
63.718239545822144
63.92511057853699
64.14138054847717
64.4006769657135
64.61320686340332
64.79511618614197
64.97511553764343
65.1588122844696
65.39208483695984
65.62796306610107
65.8523051738739
66.07366251945496
66.24943685531616
66.46315455436707
66.69993710517883
66.9237539768219
67.14704585075378
67.45424699783325
67.6980197429657
67.99086236953735
68.24747729301453
68.55314111709595
68.8534414768219
69.12655019760132
69.35946559906006
69.59567713737488
69.88422966003418
70.14394569396973
70.40351462364197
70.66472840309143
70.93466353416443
71.27308917045593
71.56233859062195
71.86274886131287
72.14153218269348
72.41835188865662
72.74060559272766
73.01856756210327
73.29881191253662
73.57880806922913
73.86765909194946
74.14377355575562
74.42796301841736
74.72175002098083
75.04709506034851
75.3311698436737
75.6356213092804
75.90735602378845
76.14941430091858
76.37803077697754
76.61713004112244
76.85890221595764
77.13540863990784
77.42244029045105
77.68278503417969
77.93951892852783
78.1962571144104
78.45058941841125
78.73624897003174
79.03205347061157
79.2991111278534
79.52814173698425
79.75659584999084
79.99435520172119
80.27591133117676
80.52729773521423
80.78874731063843
81.06930780410767
81.32911586761475
81.56375670433044
81.76895260810852
81.9868757724762
82.19547390937805
82.40405702590942
82.61896347999573
82.83220481872559
83.05323338508606
83.19607210159302
83.34285736083984
83.53669762611389
83.73182249069214
83.94563293457031
84.15096020698547
84.3437147140503
84.60282516479492
84.92273139953613
85.20420098304749
85.48539805412292
85.9121720790863
86.16516733169556
86.39290833473206
86.64959812164307
86.92696332931519
87.17695713043213
87.38787579536438
87.58478140830994
87.7764539718628
88.20086288452148
88.48532319068909
88.8411328792572
89.25337958335876
89.57131123542786
89.85948085784912
90.16311693191528
90.46323847770691
90.753591299057
91.10981488227844
91.43467926979065
91.70480751991272
91.96777868270874
92.1982171535492
92.49892115592957
92.77596259117126
93.01831674575806
93.32302975654602
93.5722107887268
93.85285067558289
94.09252262115479
94.36543226242065
94.63750958442688
94.95250868797302
95.22068524360657
95.5108494758606
95.79174041748047
96.13471794128418
96.4277720451355
96.73072075843811
97.02019786834717
97.32700300216675
97.62791323661804
98.0003457069397
98.23836350440979
98.4780650138855
98.7279896736145
98.96910452842712
99.24893045425415
99.53446531295776
99.82097506523132
100.07459497451782
100.32723903656006
100.57288312911987
100.81197023391724
101.04149341583252
101.2836217880249
101.55880522727966
101.80594944953918
102.0797643661499
102.35537981987
102.65406656265259
102.95790934562683
103.23341584205627
103.62895393371582
103.91111016273499
104.24663400650024
104.51823306083679
104.71423268318176
104.90620017051697
105.15362095832825
105.38531517982483
105.63961124420166
105.82238340377808
106.15963077545166
106.42385196685791
106.74611306190491
107.15038895606995
107.48125982284546
107.78731226921082
108.0905909538269
108.37926030158997
108.67168927192688
108.96743416786194
109.30136942863464
109.57833123207092
109.88116264343262
110.17348647117615
110.45950555801392
110.7514295578003
110.99378228187561
111.19041109085083
111.38642740249634
111.57837414741516
111.77302718162537
111.97814011573792
112.23235511779785
112.45452237129211
112.6848247051239
112.9678943157196
113.26593947410583
113.55329537391663
113.84284663200378
114.13354563713074
114.41898536682129
114.72325801849365
115.03734922409058
115.30505681037903
115.55761742591858
115.8079743385315
116.07338690757751
116.3153989315033
116.60592126846313
116.85142159461975
117.10542392730713
117.3451178073883
117.58065128326416
117.82702732086182
118.05429887771606
118.30793070793152
118.53576993942261
118.76796674728394
119.06131863594055
119.34955883026123
119.62480998039246
119.87839007377625
120.1549015045166
120.44321179389954
120.73131608963013
121.00764608383179
121.28643202781677
121.56300973892212
121.84008240699768
122.11495757102966
122.43179941177368
122.7327950000763
123.0619728565216
123.35950899124146
123.68123078346252
123.95064663887024
124.20993494987488
124.4384777545929
124.71810293197632
125.00271439552307
125.2800760269165
125.54762625694275
125.83871006965637
126.11569571495056
126.39139914512634
126.65134763717651
126.9467511177063
127.24917387962341
127.52260279655457
127.81057262420654
128.09928345680237
128.33666563034058
128.63003969192505
128.8359260559082
129.08990025520325
129.32573199272156
129.56764340400696
129.81209993362427
130.0438392162323
130.29895496368408
130.5582618713379
130.82338786125183
131.0946695804596
131.36340713500977
131.60682082176208
131.85185050964355
132.09851837158203
132.3736298084259
132.57879877090454
132.78880977630615
133.02545285224915
133.2204463481903
133.48462295532227
133.76951479911804
134.07784509658813
134.4297661781311
134.72065043449402
135.02345824241638
135.32558345794678
135.62847352027893
135.90960884094238
136.21184015274048
136.50622487068176
136.78208708763123
137.0866539478302
137.3810257911682
137.66192531585693
137.97907662391663
138.27967643737793
138.57330107688904
138.88956809043884
139.16626572608948
139.4856104850769
139.79304599761963
140.09067940711975
140.38428354263306
140.69070553779602
140.95395040512085
141.22224521636963
141.4991011619568
141.78665399551392
142.12364840507507
142.37639594078064
142.66755485534668
142.99623680114746
143.29631423950195
143.68698644638062
143.9443075656891
144.344664812088
144.7795763015747
145.31454038619995
145.52207589149475
145.70416021347046
145.9014675617218
146.09527373313904
146.29766368865967
146.5075170993805
146.7212986946106
146.96344542503357
147.2938380241394
147.63835263252258
147.8762173652649
148.25702166557312
148.52874994277954
148.80660152435303
149.08269119262695
149.34026741981506
149.6385760307312
149.89345359802246
150.15536618232727
150.43913865089417
150.7431788444519
151.14265847206116
151.48219275474548
151.92437601089478
152.36258697509766
152.68492126464844
