1.4708261489868164
1.8919472694396973
4.13792872428894
4.401442050933838
35.39320230484009
35.914336919784546
36.18321251869202
36.44022583961487
36.67242908477783
36.95362210273743
37.205971002578735
37.446571350097656
37.72562265396118
38.012874603271484
38.22635841369629
38.64414930343628
38.905941009521484
39.26460075378418
39.5726215839386
39.80113077163696
40.061381101608276
40.35649514198303
40.63996148109436
40.91859269142151
41.17264103889465
41.430551528930664
41.70179319381714
42.09100294113159
42.413116216659546
42.82810831069946
43.10862421989441
43.62684726715088
43.89882302284241
44.25458645820618
44.61478805541992
44.95203471183777
45.22232508659363
45.5316903591156
45.786949157714844
46.05439066886902
46.35075306892395
46.67170238494873
46.91630434989929
47.17663788795471
47.60777950286865
47.803146839141846
47.987550258636475
48.2906174659729
48.56165361404419
48.85876154899597
49.12259840965271
49.37684917449951
49.81454539299011
50.01281142234802
50.2177197933197
50.4228835105896
50.623828411102295
50.844871520996094
51.111610889434814
51.332730770111084
51.53922891616821
51.76545262336731
51.97101926803589
52.21443700790405
52.43463349342346
52.66768550872803
52.88755464553833
53.22463846206665
53.507782220840454
53.81109571456909
53.99370098114014
54.183231830596924
54.403186559677124
54.68047213554382
54.958251953125
55.25020623207092
55.586116313934326
55.949952125549316
56.19199204444885
56.56382656097412
56.87619209289551
57.04849815368652
57.24493169784546
57.419376373291016
57.54806709289551
57.79650402069092
57.9999566078186
58.271289348602295
58.543216943740845
58.81741404533386
59.10972237586975
59.38486623764038
59.637293338775635
59.99195623397827
60.329264402389526
60.68886423110962
60.99673271179199
61.25064277648926
61.46158719062805
61.9121527671814
62.38460731506348
62.725565910339355
63.35064721107483
63.72648763656616
64.10815191268921
64.34738254547119
64.6347451210022
64.90063786506653
65.14328694343567
65.39287161827087
68.91038751602173
69.15078258514404
69.39971566200256
69.69821047782898
69.94594621658325
70.1590633392334
70.38955760002136
70.5741605758667
70.74033546447754
71.00836229324341
71.28573966026306
71.63589072227478
71.89113879203796
72.13579845428467
72.37031078338623
72.6334216594696
72.89282822608948
73.0881667137146
73.32267045974731
73.55118918418884
73.78898763656616
74.03046250343323
74.29770636558533
74.5683982372284
74.82095646858215
75.06045699119568
75.53091263771057
75.74403786659241
76.0025520324707
76.27839040756226
76.5523591041565
76.82524824142456
77.09845924377441
77.44471406936646
77.76144599914551
78.0870361328125
78.41197419166565
78.6987133026123
78.98263359069824
79.25857782363892
79.52243828773499
79.85044956207275
80.09946155548096
80.39591813087463
80.63662481307983
80.84575605392456
81.11349844932556
81.30130672454834
81.49496531486511
81.68456244468689
81.8878333568573
82.10274505615234
82.30502581596375
82.51154088973999
82.7444179058075
83.08509564399719
83.38891410827637
83.72915935516357
84.03282856941223
84.3054130077362
84.5496735572815
84.79424095153809
85.02441883087158
85.46681308746338
85.80346035957336
86.08258628845215
86.33307766914368
86.61326909065247
86.87803792953491
87.1087327003479
87.33430242538452
87.5917398929596
87.84923648834229
88.10403633117676
88.36157274246216
88.65312194824219
88.90159225463867
89.16246318817139
89.41876292228699
89.6887731552124
89.92106366157532
90.26761627197266
90.54354238510132
90.77516627311707
91.02079105377197
91.21365284919739
91.36151885986328
91.50168657302856
91.73571372032166
91.99911165237427
92.24872279167175
92.44602513313293
92.57044076919556
92.6634132862091
92.86335682868958
93.10029172897339
93.37270379066467
93.64580392837524
93.91551470756531
94.15701413154602
94.43308568000793
94.7046148777008
94.9398980140686
95.15819549560547
95.38433718681335
95.59739780426025
95.82538390159607
96.06238555908203
96.28379487991333
96.52393674850464
96.78217124938965
97.04752564430237
97.33170127868652
97.59624457359314
97.90392684936523
98.1615891456604
98.40352606773376
98.62708377838135
98.85986614227295
99.10912013053894
99.33625674247742
99.55133080482483
100.0948224067688
100.31715488433838
100.56635856628418
100.8075520992279
101.04528665542603
101.31720232963562
101.5836296081543
101.8407232761383
102.10206031799316
102.47462034225464
102.73190259933472
102.96569561958313
103.19262886047363
103.48077917098999
103.6909499168396
103.87627029418945
104.31218361854553
104.58055782318115
104.84161615371704
105.10823106765747
105.40024876594543
105.66163372993469
105.9551568031311
106.23718905448914
106.54014134407043
106.85808682441711
107.12390208244324
107.46153044700623
107.75266671180725
108.06306433677673
108.37361788749695
108.65958642959595
108.91894459724426
109.19258666038513
109.50791549682617
109.85178709030151
110.1454861164093
110.42790246009827
110.69665217399597
110.91840195655823
111.15120649337769
111.3810670375824
111.60558247566223
111.85626292228699
112.13543033599854
112.47081255912781
112.73467326164246
112.97144079208374
113.25680756568909
113.53634428977966
113.8282539844513
114.09503054618835
114.36596131324768
114.62629675865173
114.90467715263367
115.20867943763733
115.46872925758362
115.74359822273254
115.98896050453186
116.15841007232666
116.34358429908752
116.5917387008667
116.9195237159729
117.14099979400635
117.37866258621216
117.65131664276123
117.83132076263428
118.01516437530518
118.19125580787659
118.35269021987915
118.53964066505432
118.711505651474
118.94430828094482
119.19817304611206
119.45254158973694
119.70884227752686
119.97736692428589
120.2340772151947
120.51995730400085
120.78131341934204
121.03398323059082
121.29674124717712
121.55441856384277
121.82012510299683
122.08741807937622
122.38043713569641
122.67038035392761
122.95287775993347
123.23304009437561
123.48579788208008
123.74921655654907
124.01348114013672
124.28459763526917
124.58332633972168
124.86983680725098
125.11461448669434
125.38969612121582
125.66524028778076
125.93450474739075
126.3261365890503
126.72618436813354
127.00150895118713
127.2506058216095
127.51497387886047
127.75588989257812
128.0174276828766
128.311687707901
128.58371353149414
128.84639692306519
129.10606169700623
129.32636713981628
129.53175473213196
129.7295069694519
129.92937803268433
130.18582034111023
130.44926190376282
130.86620235443115
131.09004378318787
131.30369663238525
131.5292010307312
131.7629315853119
131.99724507331848
132.22235751152039
132.55926752090454
132.7316071987152
132.91019368171692
133.17172837257385
133.4526810646057
133.69232058525085
133.9574818611145
134.2607502937317
134.51830577850342
134.79967188835144
135.114164352417
135.37992763519287
135.6402678489685
135.88892912864685
136.18463730812073
136.53579306602478
136.77455067634583
137.03540754318237
137.29446005821228
137.5973162651062
137.93204617500305
138.22862577438354
138.49625372886658
138.77240753173828
139.03640270233154
139.2941915988922
139.5260078907013
139.7925090789795
140.0683262348175
140.37674164772034
140.65142822265625
140.92583847045898
141.2198040485382
141.49849009513855
141.78585171699524
142.08163571357727
142.33779311180115
142.57226061820984
142.8245837688446
143.11745142936707
143.34932923316956
143.56117296218872
143.79634976387024
144.05165839195251
144.2872235774994
144.52956748008728
144.8119421005249
145.06910705566406
145.28299069404602
145.50414562225342
145.72573471069336
145.99347853660583
146.25327706336975
146.4754240512848
146.71267342567444
146.92525911331177
147.1539056301117
147.3937623500824
147.6732313632965
148.0338351726532
148.35735368728638
148.6456344127655
148.90619659423828
149.18707513809204
149.42450284957886
149.66087365150452
149.9114487171173
150.17034149169922
150.41271138191223
150.6477506160736
150.8356740474701
151.0430998802185
151.26019382476807
151.47362756729126
151.71097946166992
151.98273086547852
152.24705958366394
152.51704287528992
152.7606873512268
153.03830242156982
153.3099400997162
153.5684895515442
153.85158014297485
154.14957284927368
154.43535137176514