580.6802732944489
581.2582597732544
581.7116467952728
582.1481053829193
582.5681467056274
582.9921545982361
583.3948061466217
583.8369987010956
584.2851657867432
584.6684246063232
585.0836746692657
585.5031561851501
585.8770475387573
586.362765789032
586.7550673484802
587.235279083252
587.6271579265594
588.0933680534363
588.5067789554596
588.9044673442841
589.3029074668884
589.6860902309418
590.1178510189056
590.5019195079803
590.9246301651001
591.3643326759338
591.8022735118866
592.252721786499
592.6596071720123
593.1149799823761
593.5513989925385
594.0032312870026
594.3866477012634
594.7436535358429
595.1357657909393
595.5330491065979
596.0137326717377
596.4451112747192
596.819153547287
597.378573179245
597.7555859088898
598.2402050495148
599.0358393192291
599.4189109802246
601.2480900287628
601.6964735984802
602.0344741344452
602.4773569107056
602.9395356178284
603.2947149276733
603.6999955177307
604.1550858020782
604.5553138256073
604.9654004573822
605.4725606441498
605.8691582679749
606.3217520713806
606.7772059440613
607.2463028430939
607.7208480834961
608.2523894309998
608.7483911514282
609.2097697257996
609.6248643398285
609.9823892116547
610.4116885662079
610.9153134822845
611.3151137828827
611.6686089038849
612.1313495635986
612.572160243988
612.9796915054321
613.3652651309967
613.7794604301453
614.1744601726532
614.5749077796936
615.0090222358704
615.4119210243225
615.8180973529816
616.2429914474487
616.7376408576965
617.1351308822632
617.5771932601929
618.0429122447968
618.4618999958038
618.8205819129944
619.2015671730042
619.6302382946014
620.0150153636932
620.4150414466858
620.8402671813965
621.2755906581879
621.6694846153259
622.0565285682678
622.4693696498871
622.839145898819
623.2185335159302
623.6263563632965
624.0027062892914
624.4198477268219
624.8021914958954
625.2256405353546
625.5802538394928
625.9881253242493
626.4288527965546
626.8577053546906
627.2656173706055
627.6486682891846
628.043859243393
628.4916949272156
628.8982698917389
629.339634180069
629.7195518016815
630.1702907085419
630.4975714683533
630.8323409557343
631.215410232544
631.5897471904755
632.0147984027863
632.3794779777527
632.8830156326294
633.2864806652069
633.6247346401215
634.0160157680511
634.4028036594391
634.7432374954224
635.1928880214691
635.5369679927826
635.9841990470886
636.3682718276978
636.7921576499939
637.2692036628723
637.6952900886536
638.1044504642487
638.5341293811798
638.9615700244904
639.3649230003357
639.7731330394745
640.1882216930389
640.5978002548218
640.9478795528412
641.4143249988556
641.795220375061
642.2987139225006
642.675369977951
643.063882112503
643.4576025009155
643.8535215854645
644.2936954498291
644.6639170646667
645.0947573184967
645.5161316394806
645.9660685062408
646.4402623176575
646.8415575027466
647.2122013568878
647.603303194046
648.0239946842194
648.4801087379456
648.9593493938446
649.3761460781097
649.8461265563965
650.2694461345673
650.8276119232178
651.2682893276215
651.8128294944763
652.2394263744354
652.6850843429565
653.1415514945984
653.5790505409241
653.9703907966614
654.3602695465088
654.7583591938019
655.1784973144531
655.561722278595
655.9596338272095
656.3692469596863
656.7397208213806
657.1469528675079
657.5795204639435
657.984133720398
658.359046459198
658.786994934082
659.1774616241455
659.5568902492523
659.9448611736298
660.370733499527
660.8006126880646
661.1812422275543
661.5703146457672
661.8835842609406
662.3145236968994
662.8797605037689
663.2762405872345
663.7518382072449
664.1096754074097
664.5119724273682
664.9549388885498
665.3712620735168
665.8318018913269
666.2844023704529
666.7238581180573
667.1441233158112
667.6210443973541
668.0147159099579
668.3911519050598
668.8077363967896
669.2394869327545
669.6765201091766
670.0315845012665
670.5505335330963
670.9734840393066
671.3877687454224
671.7986309528351
672.2309246063232
672.6530709266663
673.1224794387817
673.5644943714142
674.0174939632416
674.4320125579834
674.9424564838409
675.4159405231476
675.820808172226
676.4046738147736
676.8225967884064
677.3161692619324
677.7937092781067
678.2747368812561
678.6486394405365
679.0657379627228
679.4597992897034
679.8733651638031
680.2567145824432
680.6506915092468
681.0789730548859
681.4780316352844
681.8457052707672
682.2649426460266
682.6569833755493
683.0527725219727
683.4415910243988
683.908985376358
684.3090307712555
684.6603376865387
685.0876703262329
685.5485787391663
685.955816745758
686.4225494861603
686.894282579422
687.3620479106903
687.7977929115295
688.2339987754822
688.6985266208649
689.2064929008484
689.6669380664825
690.0970275402069
690.612099647522
691.1153402328491
691.6681883335114
692.0399367809296
692.4711530208588
693.1809136867523
693.5425763130188
693.9016995429993
694.3536992073059
694.8361477851868
695.3084499835968
695.7691431045532
696.2135090827942
696.6568961143494
697.0473532676697
697.4193735122681
697.8410544395447
698.2908759117126
698.7310791015625
699.0247359275818
699.4895322322845
699.9107172489166
700.3207376003265
700.7564675807953
701.2442150115967
701.691778421402
702.0803034305573
702.5331921577454
702.9434490203857
703.3806800842285
703.9006452560425
704.2477116584778
704.731812953949
705.2003121376038
705.6924910545349
706.0674932003021
706.5001981258392
706.9037108421326
707.3304755687714
707.741418838501
708.2819123268127
708.7321288585663
709.1889653205872
709.6729061603546
710.0320382118225
710.4230444431305
710.8154237270355
711.2506196498871
711.7037544250488
712.1731429100037
712.5646510124207
712.9993221759796
713.4646322727203
713.9217851161957
714.3790001869202
714.8300957679749
715.2832098007202
715.700258731842
716.1226017475128
716.5472278594971
716.9725692272186
717.407487154007
717.8013339042664
718.3246231079102
718.7396712303162
719.1723961830139
719.6639864444733
720.1001749038696
720.6053457260132
721.0246956348419
721.4410088062286
721.8874273300171
722.2830302715302
722.707953453064
723.1642105579376
723.6181409358978
724.098308801651
724.585126876831
725.0652360916138
725.5045297145844
725.9805977344513
726.3982837200165
726.8326833248138
727.2115759849548
727.689359664917
728.1538853645325
728.6227037906647
729.0389919281006
729.5237505435944
729.9937565326691
730.4995248317719
730.9837851524353
731.521404504776
731.956839799881
732.3041100502014
732.7940871715546
733.1704647541046
733.5741333961487
734.1182878017426
734.5407829284668
735.0019931793213
735.3510999679565
735.759635925293
736.2276656627655
736.6509070396423
737.0458991527557
737.4847242832184
737.9452741146088
738.4756028652191
738.7227082252502
739.2336852550507
739.6125047206879
740.0211811065674
740.4824633598328
740.9685649871826
741.3994324207306
741.7723171710968
742.2365260124207
742.7186419963837
743.1677436828613
743.47398853302
743.8651566505432
744.3902928829193
744.7199580669403
745.1113517284393
745.5363123416901
745.9687628746033
746.3674449920654
746.9900605678558
747.4603822231293
747.8706364631653
748.3124356269836
748.7141354084015
749.1239585876465
749.4939424991608
749.8593943119049
750.3430564403534
750.7523698806763
751.1794283390045
751.6365256309509
752.0635147094727
752.6005239486694
753.3862147331238
753.8815929889679
754.2954566478729
754.7592985630035
755.3118238449097
755.7494351863861
756.1793880462646
756.6292202472687
757.0862402915955
757.6542387008667
758.1503133773804
758.5886270999908
759.039609670639
759.4618577957153
759.8753871917725
760.3465962409973
760.7392947673798
761.2608962059021
761.7711424827576
762.2186839580536
762.6822123527527
763.0794198513031
763.4773299694061
764.0023138523102
764.4927706718445
764.8928546905518
765.3560230731964
765.8102450370789
766.2561719417572
766.7203421592712
767.1942927837372
767.5682761669159
768.0042924880981
768.4360780715942
768.904435634613
769.3824219703674
769.8316421508789
770.2528321743011
770.6899967193604
771.1068706512451
771.5878703594208
772.1169877052307
772.5611424446106
773.0612835884094
773.501100063324
773.9923055171967
774.5268316268921
774.9760646820068
775.3916172981262
775.8354239463806
776.2909383773804
776.7702198028564
777.2397425174713
777.7383925914764
778.2065834999084
778.6536254882812
779.1590855121613
779.6346225738525
780.1069974899292
780.5921182632446
781.0129339694977
781.6067137718201
782.0967705249786
782.4910554885864
783.0216202735901
783.4719257354736
783.8634946346283
784.3799269199371
785.0754263401031
785.5168504714966
785.9535796642303
786.4226341247559
786.8011422157288
787.2965340614319
787.7498800754547
788.2192242145538
788.6761500835419
789.1282966136932
789.5113458633423
789.9865560531616
790.4259061813354
790.9035274982452
791.4864673614502
791.9891445636749
792.3772871494293
792.707709312439
793.285650730133
793.8794028759003
794.4436259269714
794.8681042194366
795.372843503952
795.8633553981781
796.2947244644165
796.8015611171722
797.221141576767
797.665479183197
798.1634266376495
798.5458364486694
798.9830958843231
799.4115343093872
799.7951014041901
800.2034227848053
800.5977489948273
800.9042479991913
801.2525565624237
801.6188621520996
802.0343482494354
802.3159408569336
802.85919880867
803.1981160640717
803.7725548744202
804.3589775562286
804.8936474323273
805.5739266872406
805.9145812988281
806.3091695308685
806.7532789707184
807.1512355804443
807.587574005127
808.0539419651031
808.5577981472015
808.9271919727325
809.2507367134094
809.6833443641663
810.233763217926
810.7886962890625
811.366366147995
811.813800573349
812.2394986152649
812.7449843883514
814.0419316291809
814.4763231277466
814.9292294979095
815.3333916664124
815.7423710823059
816.1255197525024
816.5180244445801
816.9242081642151
817.6312267780304
818.0357217788696
818.4884285926819
818.9419310092926
819.5258493423462
819.9127073287964
820.3639466762543
820.9093444347382
821.4247076511383
821.9009938240051
822.3184442520142
822.7639851570129
823.2137792110443
823.6319463253021
824.119323015213
824.4981949329376
824.9555296897888
825.2637224197388
825.6824135780334
826.0877873897552
826.461592912674
826.8888554573059
827.3984768390656
827.9213366508484
828.3258662223816
828.7905991077423
829.1655850410461
829.6631698608398
830.1356837749481
830.5350022315979
830.964412689209
831.4548490047455
832.019291639328
832.6696033477783
833.256854057312
833.6700139045715
834.113231420517
834.5390901565552
834.9978311061859
835.4049484729767
835.9456362724304
836.3894557952881
836.8541069030762
837.2221002578735
837.6545028686523
838.0831124782562
838.5640964508057
839.06099152565
839.4876375198364
839.9427468776703
840.4030241966248
840.8230183124542
841.2735149860382
841.7124915122986
842.1438767910004
842.5868530273438
843.0192074775696
843.4716715812683
843.8877274990082
844.3073267936707
844.7485058307648
845.187038898468
845.6283679008484
846.0385835170746
846.4745442867279
846.8780784606934
847.3277909755707
847.7089216709137
848.1711633205414
848.6267852783203
849.0276234149933
849.5010316371918
849.8997983932495
850.3091888427734
850.7327108383179
851.0917999744415
851.5143115520477
851.8942646980286
852.2717843055725
852.6768000125885
853.0177009105682
853.4279732704163
853.8004047870636
854.2142238616943
854.630863904953
854.9661610126495
855.3769392967224
855.797459602356
856.192468881607
856.5603079795837
856.9167840480804
857.3737778663635
857.8746840953827
858.2593967914581
858.6642184257507
859.0715978145599
859.4429726600647
859.9575679302216
860.3877811431885
860.7816970348358
861.1718654632568
861.594553232193
862.0039818286896
862.3438384532928
862.7808122634888
863.1789429187775
863.6394929885864
864.0266280174255
864.4406900405884
864.854100227356
865.266185760498
865.7120900154114
866.097847700119
866.5016667842865
866.8624601364136
867.2453491687775
867.5596261024475
867.9915950298309
868.348824262619
868.7313017845154
869.0569310188293
869.4888646602631
869.9334154129028
870.2929909229279
870.7206916809082
871.1670255661011
871.5794773101807
871.9757394790649
872.3547067642212
872.7144296169281
873.1840753555298
873.6232361793518
874.0302829742432
874.416407585144
874.8242709636688
875.3109440803528
875.7219502925873
876.1312155723572
876.563958644867
876.9167923927307
877.282576084137
877.6652097702026
878.1572985649109
878.4585926532745
879.3109719753265
879.7158963680267
880.1319999694824
880.5213809013367
880.9577264785767
881.3670883178711
881.7543616294861
