29.889814138412476
30.640342235565186
31.315555334091187
31.972975492477417
32.55673050880432
33.18424963951111
33.77530264854431
34.32618522644043
34.91935873031616
35.43703103065491
36.026997566223145
36.71226263046265
37.28390145301819
37.83200025558472
38.33084464073181
38.89912223815918
39.45074915885925
40.21112322807312
40.768529653549194
41.305503606796265
41.90588927268982
42.53259253501892
43.119401931762695
43.73321533203125
44.40616846084595
45.030800580978394
45.70608639717102
46.298113107681274
47.06266117095947
47.59719181060791
48.252105712890625
48.89470386505127
49.641886711120605
50.16003656387329
50.66449785232544
51.285557985305786
51.92251110076904
52.53624939918518
53.071692943573
53.837756395339966
54.499714851379395
55.20997405052185
55.93593645095825
56.60818338394165
57.49267339706421
58.061352491378784
58.60965538024902
59.268638610839844
59.927411794662476
60.46333169937134
61.04437446594238
61.65009355545044
62.22397065162659
62.73909950256348
63.224141359329224
63.756898403167725
64.30492401123047
64.8596203327179
65.39216256141663
65.93964886665344
66.57932901382446
67.15880227088928
67.75063872337341
68.37226462364197
68.9118721485138
69.53501343727112
70.12304592132568
70.7181510925293
71.29674172401428
71.9385678768158
72.5323486328125
73.09407353401184
73.68340587615967
74.26953482627869
75.04889035224915
75.62704634666443
76.19480395317078
76.88361740112305
77.5081250667572
79.00786805152893
79.38089990615845
79.96517658233643
80.5315854549408
81.14943361282349
81.7573606967926
82.37131333351135
82.9551773071289
83.63718152046204
84.26034307479858
84.94264483451843
85.59019422531128
86.32614374160767
87.02810168266296
87.63223814964294
88.26709508895874
88.86073613166809
89.41229009628296
89.96565532684326
90.4966299533844
91.21310639381409
91.87113380432129
92.47312140464783
93.0598955154419
93.7179696559906
94.40073704719543
95.10145974159241
95.75536799430847
96.4313645362854
97.01863813400269
97.92217779159546
98.40037894248962
98.98683571815491
99.56715297698975
100.1409432888031
100.84554195404053
101.47583627700806
102.10363340377808
102.63887333869934
103.14774489402771
103.62404870986938
104.26959180831909
104.94588375091553
105.50065183639526
106.0863585472107
106.64081716537476
107.26691031455994
107.8359649181366
108.35372638702393
108.98631453514099
109.49187207221985
110.04240274429321
110.60973691940308
111.19599938392639
111.89161396026611
112.51049184799194
113.07673954963684
113.69626092910767
114.27037620544434
115.00051546096802
115.60160326957703
116.28004884719849
116.90539574623108
117.49303197860718
118.08011031150818
118.70085263252258
119.31529259681702
119.96921849250793
120.59987020492554
121.23214054107666
121.80546426773071
122.44279861450195
123.07607913017273
123.71278977394104
124.3746771812439
124.98352885246277
125.59666895866394
126.17981195449829
126.79070353507996
127.40062284469604
128.09921288490295
128.69653797149658
129.46378993988037
130.09685158729553
130.70542120933533
131.30989480018616
132.00173616409302
132.57788181304932
133.2678792476654
133.86691403388977
134.39709401130676
135.01546144485474
135.6999261379242
136.30709671974182
136.9520287513733
137.49174618721008
138.21463823318481
138.72646164894104
139.34315013885498
139.88150024414062
140.4108123779297
141.0241096019745
141.65395307540894
142.30132150650024
142.8898503780365
143.4435155391693
144.03736877441406
144.60168838500977
145.19626474380493
145.80088877677917
146.32493257522583
146.86108660697937
147.42200636863708
148.0134310722351
148.56743812561035
149.17471289634705
149.8022871017456
150.55985522270203
151.13657546043396
151.74231100082397
152.4475395679474
153.01133108139038
153.57809162139893
154.1747851371765
154.7604100704193
155.3048131465912
155.9173185825348
156.52158164978027
157.08685612678528
157.51589584350586
158.24116683006287
158.88771629333496
159.50092196464539
160.10895037651062
160.6831169128418
161.3583345413208
162.00508761405945
162.64849638938904
163.2261028289795
163.81405472755432
164.42357993125916
165.0411524772644
165.70464038848877
166.32188320159912
166.97194576263428
167.53353118896484
168.0934352874756
168.73305106163025
169.28477239608765
169.87171339988708
170.43089246749878
170.9725534915924
171.55628395080566
172.20006728172302
172.86603093147278
173.61229491233826
174.20814990997314
174.87766361236572
175.44544625282288
176.05320620536804
176.6714174747467
177.26327919960022
177.82196283340454
178.35649991035461
178.89877319335938
179.48084497451782
180.02362704277039
180.5858736038208
181.14114093780518
181.72053599357605
182.2533893585205
182.83155250549316
183.42562675476074
183.97646260261536
184.5845365524292
185.22084665298462
185.8896484375
186.47851729393005
187.07593607902527
187.61164212226868
188.217365026474
188.85028266906738
189.45111632347107
190.0782597064972
190.69429278373718
191.2431046962738
191.8181173801422
192.3635597229004
193.01883053779602
193.60683250427246
194.2016110420227
194.7794692516327
195.37232875823975
196.04277729988098
196.61683654785156
197.1501932144165
197.76533818244934
198.4511206150055
199.02847695350647
199.58477663993835
200.0901494026184
200.6327826976776
201.17152428627014
201.8232023715973
202.44371438026428
203.08773016929626
203.72741222381592
204.3035056591034
204.83694744110107
205.38447046279907
206.01346826553345
206.61064219474792
207.21999549865723
207.8055715560913
208.36978697776794
208.96847319602966
209.60684251785278
210.21641778945923
210.80163717269897
211.408349275589
212.07311415672302
212.63115310668945
213.1470582485199
213.73766350746155
214.3062129020691
214.88551020622253
215.43990206718445
216.0565402507782
216.67978715896606
217.2387571334839
217.78103232383728
218.37220406532288
218.98868584632874
219.5747902393341
220.09616112709045
220.65956234931946
221.2357931137085
221.86975979804993
222.41710782051086
222.97220540046692
223.51039028167725
224.0939495563507
224.67442154884338
225.37059330940247
225.92978477478027
226.52248287200928
227.14503240585327
227.68869280815125
228.24897718429565
228.83316278457642
229.4437291622162
229.95886182785034
230.53370213508606
231.19968390464783
231.74727177619934
232.34255003929138
232.9537832736969
233.51398158073425
234.1649193763733
234.74556803703308
235.47584104537964
236.05325746536255
236.62183690071106
237.22752690315247
237.80973291397095
238.3770170211792
238.9475555419922
239.5060589313507
240.0652174949646
240.68449068069458
241.22770142555237
241.96082973480225
242.53423619270325
243.1959743499756
243.7842664718628
244.390043258667
244.9579372406006
245.57275557518005
246.17699670791626
246.74971675872803
247.40261030197144
248.00381422042847
248.6138699054718
249.21764755249023
249.8516583442688
250.4232201576233
250.94510960578918
251.56410312652588
252.1010663509369
252.7254524230957
253.33333778381348
253.91675281524658
254.62278842926025
255.35420989990234
255.924742937088
256.5197455883026
257.0694739818573
257.6788709163666
258.46596336364746
259.03887033462524
259.7082357406616
260.2465078830719
260.7703866958618
261.3428192138672
261.9470672607422
262.5539360046387
263.0806636810303
263.69607520103455
264.17794370651245
264.7049958705902
265.2114944458008
265.74533700942993
266.28012800216675
266.8530535697937
267.4536724090576
268.0507481098175
268.603147983551
269.2228515148163
269.8367648124695
270.41817688941956
271.01936316490173
271.63001251220703
272.3848342895508
273.0090501308441
273.6173288822174
274.29322028160095
274.83634400367737
275.47297406196594
276.1522810459137
276.78398299217224
277.3566393852234
277.99736762046814
278.6094958782196
279.23246717453003
279.7813370227814
280.3378064632416
280.92372131347656
281.46825313568115
282.0306556224823
282.5985915660858
283.29258608818054
283.9525430202484
284.5479769706726
285.05992126464844
285.5833806991577
286.19822883605957
286.7381284236908
287.30706310272217
287.81437730789185
288.570543050766
289.13848900794983
289.69283413887024
290.2308008670807
290.8163137435913
291.5103962421417
292.08189511299133
292.5878188610077
293.1021692752838
293.8250813484192
294.440025806427
295.00254464149475
295.66850233078003
296.27695512771606
296.85948729515076
297.50062465667725
298.0515646934509
298.6850917339325
299.2978992462158
299.92209339141846
300.5060877799988
301.0816423892975
301.6572549343109
302.22951436042786
302.8212642669678
303.37229776382446
304.00153255462646
304.66054248809814
305.24603366851807
305.78909707069397
306.44331097602844
306.96905064582825
307.4774718284607
308.0812635421753
308.6985321044922
309.2631747722626
309.81793093681335
310.35043478012085
310.9211919307709
311.5180335044861
312.07681107521057
312.66591024398804
313.2963516712189
313.85146737098694
314.4502503871918
315.0009968280792
315.6097221374512
316.2080011367798
316.82137656211853
317.38677620887756
318.0080301761627
318.56114745140076
319.1358070373535
319.65945768356323
320.2395374774933
320.80244755744934
321.3403208255768
321.949631690979
322.5406095981598
323.09205651283264
323.712290763855
324.3240945339203
324.91644191741943
325.5138268470764
326.1617534160614
326.74098801612854
327.3967959880829
328.0510675907135
328.6560409069061
329.2253155708313
329.81507396698
330.4011883735657
330.9578890800476
331.56784534454346
332.2317819595337
332.8985719680786
333.59852838516235
334.1948266029358
334.8509795665741
335.3763778209686
335.9915473461151
336.6337323188782
337.22153878211975
337.826456785202
338.4083878993988
338.9906370639801
339.5730814933777
340.1858992576599
340.83623218536377
341.3807590007782
342.04151916503906
342.6294062137604
343.2758059501648
343.9867877960205
344.59482765197754
345.17519521713257
345.8405237197876
346.51364398002625
347.18669986724854
347.7873899936676
348.3669991493225
349.04328966140747
349.6869833469391
350.1617844104767
350.8887405395508
351.5209872722626
352.1362934112549
352.7539975643158
353.3866317272186
353.9544930458069
354.54422402381897
355.1605668067932
355.7297990322113
356.2772135734558
356.94114351272583
357.56795859336853
358.1747052669525
358.70523977279663
359.2715494632721
359.84917163848877
360.4644305706024
361.07968258857727
361.67827463150024
362.28917932510376
362.85728096961975
363.4433403015137
364.01077103614807
364.64198637008667
365.2244212627411
365.8518822193146
366.44554567337036
366.9996826648712
367.58863282203674
368.1813268661499
368.760794878006
369.354544878006
369.9437267780304
370.5468239784241
371.1769320964813
371.8088161945343
372.3866775035858
373.0009911060333
373.68154311180115
374.2621488571167
374.79610800743103
375.4283015727997
375.957745552063
376.55610609054565
377.18093514442444
377.7438793182373
378.4117205142975
379.02988052368164
379.62825870513916
380.20767426490784
380.85606241226196
381.48852944374084
382.7137699127197
383.2727391719818
383.94833111763
384.5989496707916
385.1779737472534
385.798455953598
386.42204093933105
387.0792427062988
387.75284147262573
388.3106155395508
388.98518443107605
389.5627963542938
390.1957919597626
390.85765957832336
391.46246123313904
392.0794355869293
392.62242889404297
393.166907787323
393.7834975719452
394.3145248889923
395.022629737854
395.68204712867737
396.3652889728546
397.0329387187958
397.6827964782715
398.2054748535156
398.76399540901184
399.3496699333191
399.88598108291626
400.43451714515686
401.06432819366455
401.6366639137268
402.25079011917114
402.8599257469177
403.45136308670044
404.07375144958496
404.68656063079834
405.31322622299194
405.9051420688629
406.4678785800934
407.03315448760986
407.63581705093384
408.2056064605713
408.79593324661255
409.434122800827
410.0251109600067
410.70277404785156
411.30496311187744
411.96982622146606
412.58418798446655
413.30178332328796
413.9172031879425
414.77447533607483
415.3747477531433
415.9986608028412
416.62650752067566
417.18312549591064
417.88271164894104
418.5042095184326
419.109503030777
419.7570381164551
420.41330313682556
420.94491243362427
421.47675251960754
422.06841254234314
422.68164682388306
423.2530426979065
423.78233218193054
424.4201102256775
425.0772478580475
425.66749453544617
426.2962818145752
427.01292538642883
427.6629581451416
428.26808857917786
428.96725058555603
429.65486335754395
430.2932493686676
430.967830657959
431.53952980041504
432.13860988616943
432.759299993515
433.3317840099335
433.92593026161194
434.52082109451294
435.2023894786835
435.79751920700073
436.4321367740631
437.12475395202637
437.77622747421265
438.4305160045624
439.1003429889679
439.62921714782715
440.27059388160706
440.9468126296997
441.52658677101135
442.11625051498413
442.7176265716553
443.4127118587494
444.0264108181
444.63735127449036
445.23608922958374
445.88098549842834
446.467618227005
447.0628182888031
447.6932611465454
448.34450936317444
448.9258072376251
449.55168652534485
450.1072437763214
450.708722114563
451.3240942955017
451.93545842170715
452.5520133972168
453.13475155830383
453.70291924476624
454.27688431739807
454.7731764316559
455.304062128067
455.8528470993042
456.4139025211334
456.97834634780884
457.5672652721405
458.14270210266113
458.8077356815338
459.43677854537964
460.0656168460846
460.62499809265137
461.2131698131561
461.9267084598541
462.56346893310547
463.1822226047516
463.83175778388977
464.31184673309326
464.88115310668945
465.56834530830383
466.1436605453491
466.77641248703003
467.3900887966156
468.01252484321594
468.5638818740845
469.0865569114685
469.6803810596466
470.2793514728546
470.876042842865
471.5301764011383
472.10151720046997
472.78994822502136
473.3278794288635
473.9327836036682
474.56686449050903
475.08631658554077
475.64495730400085
476.2979645729065
476.84679985046387
477.38124680519104
477.9448320865631
478.60035252571106
479.2180128097534
479.7684428691864
480.3205099105835
481.0064482688904
481.58850860595703
482.2269480228424
482.73481917381287
483.2800717353821
483.78103256225586
484.35397720336914
484.95095682144165
485.5011100769043
486.1061501502991
486.63702154159546
487.1146442890167
487.6053855419159
488.0965485572815
488.67825508117676
489.2149670124054
490.016175031662
490.57553720474243
491.23440623283386
491.7793264389038
492.3398439884186
492.9506621360779
493.5616672039032
494.08086585998535
494.7187111377716
495.33185744285583
495.9074785709381
496.5050344467163
497.0547070503235
497.64397382736206
499.1644055843353
499.7281186580658
500.2453978061676
500.72030091285706
501.2528281211853
501.7672989368439
502.33269810676575
502.9615387916565
503.5594754219055
504.07023310661316
504.65789890289307
505.237548828125
505.8114438056946
506.3847177028656
507.0432629585266
507.6351056098938
508.21304154396057
508.8118460178375
509.3577792644501
509.99657559394836
510.53282022476196
511.0678560733795
511.62468242645264
512.1817200183868
512.7906973361969
513.3600931167603
513.8757936954498
514.3909733295441
514.9520931243896
515.507800579071
516.0896604061127
516.7271194458008
517.1811563968658
517.7375361919403
518.3249113559723
518.9745490550995
519.4926841259003
520.0158131122589
520.5995826721191
521.2486484050751
521.8340158462524
522.4512174129486
523.0592293739319
523.6950087547302
524.2264642715454
524.80774974823
525.4097094535828
525.9630854129791
526.4825277328491
527.0785748958588
527.65212059021
528.2091121673584
528.7938725948334
529.4502658843994
530.0637769699097
530.715505361557
531.3530659675598
532.0190281867981
