[28.50101428]
[29.17773538]
[29.79683154]
[30.53051219]
[31.20303605]
[31.94801877]
[32.60532026]
[33.26218853]
[34.04442048]
[34.66968827]
[35.27074108]
[35.85842168]
[36.4642797]
[37.04100015]
[37.61862798]
[38.23141174]
[38.8914526]
[39.51260962]
[40.09666822]
[40.70934141]
[41.31174369]
[41.92959669]
[42.55086796]
[43.1835254]
[43.79179018]
[44.40962324]
[45.01170104]
[45.66152527]
[46.25213873]
[46.87043166]
[47.53451188]
[48.18927929]
[48.80534863]
[49.43449328]
[49.99538405]
[50.63927433]
[51.21860273]
[51.83888872]
[52.49144437]
[53.1102525]
[53.88528347]
[54.4722959]
[55.10994585]
[55.72046611]
[56.33889797]
[56.92741675]
[57.54417293]
[58.15715744]
[58.74805598]
[59.34960978]
[59.96829326]
[60.55780215]
[61.24013615]
[61.79409926]
[62.40059862]
[63.04411662]
[63.59953926]
[64.20663524]
[64.8219305]
[65.44910502]
[66.08791826]
[66.69412546]
[67.32216766]
[67.91076956]
[68.58878748]
[69.21150131]
[69.86645842]
[70.63127496]
[71.25151658]
[71.88646123]
[72.4900758]
[73.11042299]
[73.73307059]
[74.36521497]
[74.97455807]
[75.58568652]
[76.2153352]
[76.79381404]
[77.51105413]
[78.08717942]
[78.66789513]
[79.24153461]
[79.84904249]
[80.47821553]
[81.09830389]
[81.71040146]
[82.32475924]
[82.94492512]
[83.57158654]
[84.23468103]
[84.87532885]
[85.49746261]
[86.09555576]
[86.71058838]
[87.35584459]
[87.92769201]
[88.52852757]
[89.09216149]
[89.71466036]
[90.31381691]
[90.89237854]
[91.47818508]
[92.07210777]
[92.6941406]
[93.31516306]
[93.92409499]
[94.52444565]
[95.1147619]
[95.76935577]
[96.34210191]
[96.95907891]
[97.55555286]
[98.21862712]
[98.82248955]
[99.41283162]
[100.00744638]
[100.59264057]
[101.19966688]
[101.80060625]
[102.42029157]
[103.04534979]
[103.64620757]
[104.22050786]
[104.80979629]
[105.41234848]
[106.01505342]
[106.6196661]
[107.2505075]
[107.84307013]
[108.44303453]
[109.06586103]
[109.684692]
[110.32100925]
[110.93701842]
[111.51999853]
[112.14492245]
[112.71545866]
[113.32846525]
[113.9106529]
[114.51941047]
[115.10657022]
[115.70921593]
[116.35709012]
[116.95875089]
[117.5853045]
[118.24350169]
[118.86447313]
[119.48551013]
[120.07517695]
[120.71332679]
[121.30758183]
[121.93597128]
[122.56355801]
[123.17761378]
[123.76269033]
[124.38091249]
[124.99609082]
[125.61587553]
[126.21605844]
[126.8503392]
[127.44042895]
[128.04260619]
[128.64902329]
[129.30864882]
[129.96256342]
[130.54724119]
[131.14725399]
[131.80311286]
[132.40920227]
[133.01495867]
[133.6304903]
[134.21441905]
[134.84508359]
[135.44418719]
[136.07053015]
[136.63120451]
[137.22135358]
[137.76769123]
[138.34932165]
[138.9487046]
[139.551278]
[140.17332988]
[140.77512188]
[141.37792363]
[141.98358061]
[142.56021838]
[143.17211072]
[143.77518926]
[144.36051998]
[144.93431342]
[145.53754556]
[146.14327023]
[146.74056923]
[147.45941732]
[148.19293692]
[148.8783534]
[149.4591872]
[150.06284406]
[150.69169543]
[151.30984204]
[151.92982891]
[152.5793479]
[153.16717026]
[153.7618012]
[154.43442621]
[155.04982431]
[155.71254382]
[156.35506959]
[156.97773862]
[157.57416015]
[158.25563354]
[158.88083754]
[159.5056251]
[160.13469329]
[160.7522413]
[161.38520551]
[161.97898133]
[162.60869806]
[163.21613989]
[163.83792021]
[164.44303164]
[165.0358592]
[165.62968097]
[166.19714468]
[166.78113859]
[167.36229472]
[168.01911571]
[168.61370318]
[169.21315105]
[169.80920365]
[170.42711048]
[171.03318834]
[171.6632761]
[172.25891302]
[172.83588419]
[173.46205156]
[174.06239121]
[174.66476455]
[175.26590357]
[175.86084125]
[176.44682407]
[177.03094163]
[177.69894538]
[178.26146688]
[178.87436919]
[179.48511133]
[180.16547127]
[180.7746202]
[181.36593347]
[181.95545018]
[182.56437566]
[183.16118915]
[183.76738427]
[184.4102587]
[184.99272344]
[185.74430363]
[186.32140346]
[186.93709478]
[187.54502332]
[188.17838106]
[188.77178788]
[189.3970027]
[189.96716824]
[190.56894994]
[191.17507679]
[191.7648757]
[192.39474993]
[192.98016284]
[193.5938942]
[194.20001304]
[194.79534686]
[195.40665514]
[196.01107302]
[196.57523906]
[197.17720089]
[197.78900688]
[198.40306146]
[198.9719121]
[199.55303628]
[200.13226752]
[200.72851794]
[201.35965292]
[201.96625278]
[202.62088137]
[203.24712753]
[203.86048272]
[204.45549965]
[205.09958358]
[205.75040309]
[206.39160223]
[207.0232116]
[207.66107211]
[208.23613069]
[208.85210845]
[209.48165133]
[210.15733988]
[210.78736119]
[211.4147387]
[212.06990082]
[212.69512196]
[213.29797423]
[213.95135717]
[214.54671803]
[215.15562844]
[215.74688005]
[216.3459044]
[216.94215519]
[217.57565579]
[218.17778866]
[218.77552252]
[219.37498195]
[219.96247046]
[220.53938477]
[221.12078798]
[221.73348877]
[222.33971012]
[222.94952137]
[223.53680255]
[224.11561499]
[224.73882892]
[225.32438414]
[225.94104621]
[226.54838779]
[227.15941181]
[227.76782489]
[228.34857435]
[228.94361904]
[229.54793913]
[230.15043247]
[230.76913698]
[231.36612053]
[232.02115865]
[232.65374353]
[233.27436306]
[233.90362988]
[234.52751563]
[235.15980213]
[235.78511684]
[236.39349163]
[237.01033311]
[237.60426123]
[238.21068811]
[238.91257496]
[239.51571662]
[240.11501598]
[240.76326382]
[241.36098151]
[241.96470213]
[242.57474318]
[243.2043576]
[243.79074883]
[244.39740782]
[245.04052246]
[245.65048513]
[246.23258145]
[246.84097333]
[247.45061934]
[248.06994088]
[248.70661278]
[249.30331848]
[249.90491562]
[250.5306047]
[251.15432227]
[251.78783514]
[252.37544329]
[252.98624573]
[253.57883155]
[254.21390233]
[254.83359861]
[255.45325999]
[256.08653574]
[256.74936159]
[257.34821258]
[257.96505334]
[258.57075522]
[259.2909621]
[259.91819441]
[260.53085554]
[261.18344882]
[261.80721912]
[262.41631768]
[263.02473702]
[263.66050563]
[264.25320637]
[264.85950317]
[265.4658422]
[266.0745899]
[266.70065489]
[267.30802355]
[267.92760491]
[268.54627383]
[269.17072091]
[269.78992915]
[270.41161072]
[271.06757884]
[271.74541488]
[272.38136175]
[272.99394069]
[273.65772648]
[274.28547642]
[274.92263951]
[275.50939052]
[276.12210443]
[276.77370348]
[277.36087933]
[277.96874232]
[278.61212125]
[279.27306015]
[279.87327046]
[280.49761364]
[281.0945889]
[281.6899472]
[282.31114335]
[282.9168314]
[283.52858999]
[284.1550854]
[284.75909424]
[285.35831344]
[285.9488023]
[286.57391357]
[287.21006541]
[287.80880857]
[288.44952579]
[289.04379625]
[289.63636768]
[290.27681251]
[290.88464038]
[291.51414533]
[292.08419654]
[292.70383348]
[293.32940686]
[293.97966244]
[294.70306606]
[295.31594961]
[295.95615168]
[296.60061712]
[297.3463258]
[297.99893644]
[298.60664036]
[299.26844974]
[299.98026578]
[300.59792879]
[301.27273209]
[301.90394399]
[302.48684058]
[303.16248055]
[303.86256247]
[304.46258364]
[305.08212459]
[305.71009994]
[306.31450558]
[306.90722978]
[307.53903105]
[308.17597058]
[308.78086469]
[309.48235888]
[310.12739813]
[310.74854121]
[311.38491836]
[312.00020864]
[312.61291428]
[313.22999029]
[313.81685729]
[314.54971688]
[315.12613919]
[315.78507426]
[316.38380055]
[317.01219988]
[317.60903459]
[318.22165403]
[318.8102484]
[319.42035098]
[320.02439325]
[320.61061811]
[321.21784308]
[321.83865473]
[322.43866076]
[323.03424215]
[323.68007493]
[324.29828763]
[324.92755382]
[325.55102181]
[326.14313569]
[326.75666201]
[327.37788618]
[327.98912306]
[328.60291533]
[329.25326586]
[329.82510817]
[330.4397548]
[331.05848556]
[331.66419754]
[332.30531874]
[332.94143634]
[333.54395781]
[334.15447829]
[334.76665063]
[335.34656956]
[335.98535085]
[336.62414081]
[337.29126842]
[337.91011963]
[338.51806185]
[339.14151294]
[339.78675437]
[340.43333666]
[341.08111024]
[341.71177485]
[342.35491571]
[342.97168925]
[343.57763593]
[344.19204783]
[344.78936055]
[345.42730565]
[346.0710355]
[346.70119042]
[347.31361213]
[347.96937366]
[348.5952713]
[349.21556449]
[349.85873582]
[350.48154571]
[351.11975892]
[351.7703989]
[352.36687853]
[352.98985991]
[353.72715101]
[354.35109758]
[354.9895545]
[355.6428417]
[356.2434078]
[356.91440377]
[357.5744292]
[358.20922923]
[358.86333396]
[359.53178501]
[360.1392076]
[360.7334434]
[361.39542696]
[361.97798328]
[362.59835861]
[363.19758987]
[363.81556518]
[364.43644712]
[365.05270514]
[365.66185298]
[366.28266003]
[366.9127897]
[367.5043021]
[368.07714653]
[368.67700884]
[369.30513864]
[369.91582561]
[370.65911245]
[371.31957765]
[371.93080661]
[372.57514079]
[373.19269609]
[373.8224613]
[374.40762329]
[375.04088428]
[375.69161334]
[376.30418074]
[376.93629668]
[377.63698368]
[378.22826424]
[378.84196854]
[379.45472112]
[380.08429155]
[380.72371218]
[381.42470274]
[382.06011887]
[382.72345402]
[383.31117306]
[383.91180623]
[384.55608404]
[385.17000513]
[385.78257565]
[386.43109286]
[387.05501678]
[387.68596427]
[388.30324225]
[388.95439897]
[389.64714472]
[390.28584006]
[390.95326362]
[391.5771471]
[392.19315467]
[392.82758837]
[393.44066739]
[394.09157107]
[394.74954741]
[395.36384692]
[396.03062055]
[396.63856003]
[397.30232882]
[397.952718]
[398.55652859]
[399.1928838]
[399.82561014]
[400.4069983]
[401.02114952]
[401.63700621]
[402.28438997]
[402.90483077]
[403.53861005]
[404.16800201]
[404.76342931]
[405.3831435]
[406.00233858]
[406.64880078]
[407.25883267]
[407.90460629]
[408.55928192]
[409.17165003]
[409.78855071]
[410.43323436]
[411.04509466]
[411.66178575]
[412.30392468]
[412.92321415]
[413.57405646]
[414.20503047]
[414.89476671]
[415.53887265]
[416.15344155]
[416.78786376]
[417.41639118]
[418.05544841]
[418.67544122]
[419.27809808]
[419.88907464]
[420.47878251]
[421.11800315]
[421.72452331]
[422.38099504]
[422.99285119]
[423.64788761]
[424.29524889]
[424.94808648]
[425.58910196]
[426.22103248]
[426.85086138]
[427.51190805]
[428.13792863]
[428.82933993]
[429.44465218]
[430.06298563]
[430.74802015]
[431.34517949]
[431.95903223]
[432.57186186]
[433.20825422]
[433.81349375]
[434.43481832]
[435.06164846]
[435.6966764]
[436.31537089]
[436.9492898]
[437.64868002]
[438.27691364]
[438.90293486]
[439.53529325]
[440.15900991]
[440.84820766]
[441.46345258]
[442.12244601]
[442.75574422]
[443.40385125]
[444.04820745]
[444.6918052]
[445.4094892]
[446.03293042]
[446.64217825]
[447.28413031]
[447.8983346]
[448.56683087]
[449.1697603]
[449.7642071]
[450.40525606]
[450.9983783]
[451.65538337]
[452.26969028]
[452.89001019]
[453.49579711]
[454.09771082]
[454.71384649]
[455.30723658]
[455.93790138]
[456.58872693]
[457.20560963]
[457.85246048]
[458.44115651]
[459.03299687]
[459.67006745]
[460.30186915]
[460.99377499]
[461.69414628]
[462.36259658]
[462.9661974]
[463.56432292]
[464.20124187]
[464.82825067]
[465.46204357]
[466.09260569]
[466.70632403]
[467.30971119]
[467.92729003]
[468.54275913]
[469.16628973]
[469.92325287]
[470.58179979]
[471.21992567]
[471.84194992]
[472.45321822]
[473.06443815]
[473.6508173]
[474.25380228]
[474.8985127]
[475.56703267]
[476.17852428]
[476.80743897]
[477.44739926]
[478.0924279]
[478.72023599]
[479.43219321]
[480.10142496]
[480.77641056]
[481.40862658]
[482.00043046]
[482.66474454]
[483.35858767]
[483.99530344]
[484.5990411]
[485.18734484]
[485.80592213]
[486.49013515]
[487.09964588]
[487.74101148]
[488.37546203]
[489.00869627]
[489.6176332]
[490.24379911]
[490.86972852]
[491.50714252]
[492.16428232]
[492.82169502]
[493.42532003]
[494.05856128]
[494.70329385]
[495.2766036]
[495.94686375]
[496.57414005]
[497.19953501]
[497.82173271]
[498.44089327]
[499.0720943]
[499.73344646]
[500.40677147]
[501.02301493]
[501.69005384]
[502.33630888]
[502.96146767]
[503.57947669]
[504.19494481]
[504.81748984]
[505.48028057]
[506.10342875]
[506.7650609]
[507.41583045]
[508.0192266]
[508.64360635]
[509.26734774]
[509.86976626]
[510.59192085]
[511.22491262]
[511.81942234]
[512.45999546]
[513.05503778]
[513.67360961]
[514.25024521]
[514.89290674]
[515.51714203]
[516.12585866]
[516.73134222]
[517.46960628]
[518.13297038]
[518.7498071]
[519.40019641]
[520.04072654]
[520.79865615]
[521.43028746]
[522.03800564]
[522.68969729]
[523.4140204]
[524.05445282]
[524.7028831]
[525.33629043]
[525.99708121]
[526.63478439]
[527.26576507]
[527.88517933]
[528.48631136]
[529.11985397]
[529.75491707]
[530.39524913]
[531.02724454]
[531.6625447]
[532.26889415]
[532.88080864]
[533.53140326]
[534.21681304]
[534.84207644]
[535.52024877]
[536.16567881]
[536.84878476]
[537.53356836]
[538.16374342]
[538.82547958]
[539.49662275]
[540.17984889]
[540.85940099]
[541.55777171]
[542.216433]
[542.88568866]
[543.58541949]
[544.2006459]
[544.8538491]
[545.53082027]
[546.19638672]
[546.89882054]
[547.55206091]
