27.915597677230835
28.172052145004272
28.435990571975708
28.688331127166748
28.92981243133545
29.171682357788086
29.427900314331055
29.78614091873169
30.039081573486328
30.344494819641113
30.584425687789917
30.792282581329346
31.007365703582764
31.234309673309326
31.468045234680176
31.7121639251709
31.958069801330566
32.27357006072998
32.53098225593567
32.796152114868164
33.04049563407898
33.32158541679382
33.60387444496155
33.879467487335205
34.157642126083374
34.41421890258789
34.657877683639526
34.86578583717346
35.132813453674316
35.397191524505615
35.631006956100464
35.890138387680054
36.16131615638733
36.3802433013916
36.68041443824768
36.90492296218872
37.137261152267456
37.36149883270264
37.6303231716156
37.873801469802856
38.14592623710632
38.41642355918884
38.685396671295166
38.95382118225098
39.22595453262329
39.51099133491516
39.7606143951416
40.06157469749451
40.31300115585327
40.578453063964844
40.80599117279053
41.008455991744995
41.20495104789734
41.429195165634155
41.642462730407715
41.839638471603394
42.030290365219116
42.239195585250854
42.43355655670166
42.63425397872925
42.85132145881653
43.1703417301178
43.40302562713623
43.68880820274353
43.977025508880615
44.279765367507935
44.58192753791809
44.977211713790894
45.265960931777954
45.58350706100464
45.90434241294861
46.20488500595093
46.46598410606384
46.78198599815369
47.06252884864807
47.31487798690796
47.55379009246826
47.838008880615234
48.124051332473755
48.47308921813965
48.74949336051941
49.02279496192932
49.29013466835022
49.490166425704956
49.70830798149109
49.984049558639526
50.2473406791687
50.52547359466553
50.78289866447449
51.08908534049988
51.3979754447937
51.6690559387207
51.95917820930481
52.2378613948822
52.5184051990509
52.80160188674927
53.070703744888306
53.36782693862915
53.643943309783936
53.956526041030884
54.23433804512024
54.506150245666504
54.807677268981934
55.079729080200195
55.36718726158142
55.65365815162659
55.94137167930603
56.22215151786804
56.508702993392944
56.81060314178467
57.08261036872864
57.321770906448364
57.6039924621582
57.89140820503235
58.17276644706726
58.43754434585571
58.702579736709595
58.977379322052
59.28521990776062
59.5493700504303
59.81607723236084
60.07654666900635
60.32020330429077
60.602707862854004
60.863505125045776
61.112558364868164
61.380364418029785
61.593101024627686
61.88862466812134
62.118924379348755
62.44459009170532
62.71377873420715
62.990113735198975
63.308091163635254
63.58391237258911
63.894484996795654
64.18225026130676
64.43963599205017
64.67040276527405
64.89268636703491
65.11081528663635
65.40988540649414
65.6914381980896
66.06124997138977
66.35047149658203
66.62516450881958
66.85891032218933
67.0907301902771
67.33209466934204
67.55700182914734
67.83465957641602
68.10531520843506
68.35074806213379
68.62904977798462
68.8825249671936
69.14881253242493
69.44279050827026
69.75092768669128
70.03749561309814
70.3288004398346
70.61371922492981
71.03756499290466
71.30807495117188
71.62095785140991
71.92135119438171
72.2326352596283
72.51554250717163
72.8080141544342
73.0371606349945
73.2832841873169
73.5875723361969
73.88360714912415
74.15486598014832
74.47522401809692
74.75380516052246
75.09869050979614
75.38765478134155
75.72456502914429
75.98322987556458
76.24935936927795
76.5626974105835
76.8883101940155
77.30697965621948
77.56281661987305
77.86312627792358
78.1904022693634
78.47815537452698
78.78233480453491
79.0308609008789
79.33447861671448
79.59541583061218
79.8754460811615
80.16273355484009
80.44652438163757
80.73681402206421
81.02898812294006
81.32464671134949
81.64707922935486
81.93211674690247
82.22307634353638
82.53238892555237
82.85450839996338
83.10139179229736
83.36997413635254
83.68750333786011
83.99265265464783
84.2946629524231
84.589848279953
84.8871476650238
85.19902920722961
85.49656581878662
85.80052208900452
86.07950949668884
86.35515880584717
86.64838361740112
86.99827647209167
87.28604912757874
87.55453562736511
87.82121562957764
88.07605767250061
88.38031816482544
88.67457056045532
89.10455846786499
89.36612558364868
89.64520025253296
89.91228890419006
90.14209628105164
90.37403130531311
90.61079668998718
90.91939568519592
91.24920463562012
91.54983806610107
91.87507033348083
92.18936443328857
92.49680829048157
92.76220321655273
93.01836133003235
93.25308394432068
93.46451997756958
93.83230900764465
94.15531897544861
94.45006537437439
94.76810240745544
95.10078287124634
95.40813112258911
95.70425152778625
96.01353931427002
96.31638383865356
96.65092301368713
97.05353593826294
97.35509920120239
97.66561079025269
97.98968267440796
98.3170747756958
98.67786931991577
98.9812982082367
99.37828993797302
99.71908140182495
100.27027034759521
100.62764024734497
101.00040245056152
101.3134617805481
101.64883971214294
101.90117502212524
102.23485088348389
102.570631980896
102.90834903717041
103.22719192504883
103.52547025680542
103.8368194103241
104.1503918170929
104.48739910125732
104.78180932998657
105.08679437637329
105.36410546302795
105.61050367355347
105.91746926307678
106.17787885665894
106.4493339061737
106.72694849967957
106.97530126571655
107.24374532699585
107.61127734184265
107.87850785255432
108.19308948516846
108.48270845413208
108.70082139968872
108.95180773735046
109.14705801010132
109.37064051628113
109.57834434509277
109.87240314483643
110.14962220191956
110.45131540298462
110.73218750953674
111.03352427482605
111.32701778411865
111.65478229522705
111.96971344947815
112.23139309883118
112.48342370986938
112.72855544090271
112.94500207901001
113.23966407775879
113.49213528633118
113.71646571159363
113.93122458457947
114.15320134162903
114.36897921562195
114.5906572341919
114.82425832748413
115.11679601669312
115.40659022331238
115.70019435882568
115.9692051410675
116.25730752944946
116.55746364593506
116.85325598716736
117.11600852012634
117.3112723827362
117.51023387908936
117.73021411895752
117.96434688568115
118.22155714035034
118.5013256072998
118.76670980453491
119.07125425338745
119.37168383598328
119.6652364730835
119.96067118644714
120.26951575279236
120.59186053276062
120.98674750328064
121.32128524780273
121.56046533584595
122.01400518417358
122.75013542175293
123.04100346565247
123.334139585495
123.6115927696228
123.94455194473267
124.20267724990845
124.54887461662292
125.01837992668152
125.34231400489807
125.61848568916321
125.9102201461792
126.22723269462585
126.54292178153992
126.84077048301697
127.09521627426147
127.57474780082703
127.89790511131287
128.27799940109253
128.5695457458496
128.86395239830017
129.18008470535278
129.55803227424622
129.8465986251831
130.1187243461609
130.35223126411438
130.5878610610962
130.85516452789307
131.15723037719727
131.42473769187927
131.7122220993042
132.04082250595093
132.34880948066711
132.629567861557
132.98131227493286
133.20328402519226
133.57469081878662
133.93721175193787
134.24116826057434
134.55251550674438
134.85739469528198
135.186420917511
135.49896216392517
135.82107377052307
136.13994312286377
136.42537903785706
136.72078132629395
137.0467188358307
137.33369755744934
137.7086923122406
137.99406576156616
138.26966261863708
138.577787399292
138.8838129043579
139.0894536972046
139.2789409160614
139.5826859474182
139.96941804885864
140.33430457115173
140.72735691070557
141.07739186286926
141.42055916786194
141.7320704460144
142.04229831695557
142.4022879600525
142.75339484214783
143.04164719581604
143.3076090812683
143.60634207725525
143.95624804496765
144.3289487361908
144.6756932735443
145.0083453655243
145.30951166152954
145.63663148880005
145.98110961914062
146.2935619354248
146.54236912727356
146.77184987068176
147.03388166427612
147.34208250045776
147.6851875782013
147.9804277420044
148.28889536857605
148.55369329452515
148.82967972755432
149.08551669120789
149.3456518650055
149.60398244857788
149.8456108570099
150.15492939949036
150.3675081729889
150.56944727897644
150.78403115272522
150.98794889450073
151.1951014995575
151.5064353942871
151.82131123542786
152.2390913963318
152.57776308059692
152.95076060295105
153.36851978302002
153.86803317070007
154.40604972839355
154.87932300567627
155.27021884918213
155.6559703350067
155.93229126930237
156.22422337532043
156.50350761413574
156.79255843162537
157.08876848220825
157.41983199119568
157.76837921142578
158.11070775985718
158.44546222686768
158.83107686042786
159.1144998073578
159.45649456977844
159.76015305519104
160.08705019950867
160.37347054481506