0.5069091320037842
0.9212167263031006
1.3988542556762695
2.2149529457092285
3.2920615673065186
30.912675380706787
31.162827253341675
31.388235092163086
31.63345217704773
31.879205465316772
32.15620160102844
32.36163306236267
32.58392071723938
33.06082534790039
33.51175117492676
33.723825454711914
33.92668271064758
34.261559009552
34.569520473480225
34.783000469207764
34.996201038360596
35.181315898895264
35.39889144897461
35.670023918151855
35.92368674278259
36.26026248931885
36.49155926704407
36.74001169204712
36.966755390167236
37.17042827606201
37.38455820083618
37.595868825912476
37.828752279281616
38.05044150352478
38.4305739402771
38.63614749908447
38.89633560180664
39.09066414833069
39.28286838531494
39.50076174736023
39.73483920097351
40.007880449295044
40.24696731567383
40.497151374816895
40.75721502304077
41.050981521606445
41.28873562812805
41.59113335609436
41.89923334121704
42.14854288101196
42.38502478599548
42.668803453445435
42.919742584228516
43.2747642993927
43.5116982460022
43.75477981567383
44.00311470031738
44.276968240737915
44.49872875213623
44.729888916015625
44.93920588493347
45.16553020477295
45.363664865493774
45.57078218460083
45.771661043167114
45.98112416267395
46.1807119846344
46.36956810951233
46.582448959350586
46.81189513206482
47.0310001373291
47.27931189537048
47.48047995567322
47.67776870727539
47.92289876937866
48.14584708213806
48.398681640625
48.69432044029236
49.033995628356934
49.30808997154236
49.56672811508179
49.81045746803284
50.06814980506897
50.30858111381531
50.56476187705994
50.80414581298828
51.06030344963074
51.31145524978638
51.55637884140015
51.785847663879395
52.0423309803009
52.481369733810425
52.735812187194824
52.99565649032593
53.28764224052429
53.522849559783936
53.77158784866333
54.09076929092407
54.332281827926636
54.553114891052246
54.82916021347046
55.06860017776489
55.319339990615845
55.57263708114624
55.82226276397705
56.12775444984436
56.389488220214844
56.668177366256714
56.96007966995239
57.13179922103882
57.37682843208313
57.70501756668091
57.96622180938721
58.23234486579895
58.448471784591675
58.61971950531006
58.85404968261719
59.08687877655029
59.30926465988159
59.62776064872742
59.86496138572693
60.12168264389038
60.3751585483551
60.62413001060486
60.8971209526062
61.14185047149658
61.42246198654175
61.61231708526611
61.855199098587036
62.10485506057739
62.33271503448486
62.57323122024536
62.79760789871216
63.02569222450256
63.2444589138031
63.48900318145752
63.71241307258606
63.94261837005615
64.21075177192688
64.43088221549988
64.65297532081604
64.8129210472107
65.06277203559875
65.3763382434845
65.63161110877991
65.91942095756531
66.1913800239563
66.43029570579529
66.72866487503052
67.00208282470703
67.2446277141571
67.48530149459839
67.7515389919281
67.99069476127625
68.23701596260071
68.49521064758301
68.77338886260986
69.03498482704163
69.27981901168823
69.52662706375122
69.78163361549377
70.05364894866943
70.27628016471863
70.497323513031
70.74100232124329
70.97157526016235
71.24721646308899
71.4799132347107
71.71354866027832
71.9899160861969
72.22522711753845
72.45767831802368
72.74983739852905
73.01784706115723
73.23695278167725
73.52017331123352
73.77567863464355
74.03669214248657
74.31423783302307
74.56438970565796
74.85745763778687
75.12426042556763
75.40383720397949
75.66693186759949
75.917240858078
76.13470387458801
76.3545572757721
76.5764000415802
76.85309290885925
77.09491205215454
77.31840705871582
77.55682110786438
77.79984521865845
78.06902980804443
78.35958743095398
78.63142991065979
78.89271140098572
79.15582013130188
79.45312261581421
79.7368631362915
79.9934594631195
80.36953377723694
80.62813878059387
80.90035700798035
81.22036647796631
81.51699686050415
81.81015753746033
82.12555146217346
82.41249823570251
82.69131469726562
82.98411107063293
83.4402642250061
83.71930027008057
84.01261472702026
84.31089520454407
84.61058020591736
84.91620516777039
85.26759839057922
85.54281044006348
85.82970762252808
86.13886213302612
86.42045092582703
86.80514621734619
87.07020354270935
87.36674046516418
87.60009980201721
87.83343505859375
88.08759379386902
88.45304703712463
88.75340557098389
89.02024030685425
89.2687463760376
89.61176037788391
89.97605156898499
90.26123261451721
90.53907895088196
90.8291084766388
91.06043243408203
91.29749345779419
91.59009909629822
91.845707654953
92.0931749343872
92.33221125602722
92.54908394813538
92.77605700492859
92.98013544082642
93.2175600528717
93.44563889503479
93.70516014099121
93.97782135009766
94.22419428825378
94.5039279460907
94.76736068725586
95.03624367713928
95.30897307395935
95.57904839515686
95.86288642883301
96.16886711120605
96.43653845787048
96.73543429374695
97.05913257598877
97.32416987419128
97.61403203010559
97.82850313186646
98.03431224822998
98.26190042495728
98.49798655509949
98.75351428985596
99.02073979377747
99.29585480690002
99.54371094703674
99.78132748603821
99.98229622840881
100.18742823600769
100.41259121894836
100.61116099357605
100.81948590278625
101.02144193649292
101.22330093383789
101.4294102191925
101.67454075813293
101.92494416236877
102.1612765789032
102.42310357093811
102.72068643569946
102.95380163192749
103.16861772537231
103.45504474639893
103.70279026031494
103.9777250289917
104.25746059417725
104.54743480682373
104.82821583747864
105.104079246521
105.35352802276611
105.56433010101318
105.88583374023438
106.16675043106079
106.43998575210571
106.74378705024719
107.04393124580383
107.32190990447998
107.62034177780151
107.91246008872986
108.16161108016968
108.41533660888672
108.67696523666382
108.93122601509094
109.20878410339355
109.47813296318054
109.72679495811462
110.00280523300171
110.2423882484436
110.47579622268677
110.68001389503479
110.86668133735657
111.0868661403656
111.22458529472351
111.3989839553833
111.53579592704773
111.68517971038818
111.81532692909241
111.94609212875366
112.08158898353577
112.24357604980469
112.41779232025146
112.6775496006012
112.95503067970276
113.22281217575073
113.55759310722351
113.81917548179626
114.1650767326355
114.51647090911865
114.74769306182861
114.99363803863525
115.20361971855164
115.4315037727356
115.67157244682312
115.96431946754456
116.22743582725525
116.49944114685059
116.76787328720093
117.05720019340515
117.30271124839783
117.58454489707947
117.86597919464111
118.1254358291626
118.42542815208435
118.69239640235901
118.97309136390686
119.2605242729187
119.51524043083191
119.75655770301819
120.0290584564209
120.2600646018982
120.5266809463501
120.78940391540527
121.05175065994263
121.40118026733398
121.68269467353821
122.00280714035034
122.40441131591797
122.68525648117065
122.97354197502136
123.24547791481018
123.50549507141113
123.7887167930603
124.06059694290161
124.29907774925232
124.57084584236145
124.83242702484131
125.05812501907349
125.35023474693298
125.5954201221466
125.85551810264587
126.0796947479248
126.3250253200531
126.56457304954529
126.73589777946472
126.91878056526184
127.11313986778259
127.3192412853241
127.52186870574951
127.7120430469513
127.90129685401917
128.20082306861877
128.50614285469055
128.79680466651917
129.07704496383667
129.36725783348083
129.65092182159424
129.87446069717407
130.14612126350403
130.45115637779236
130.7304391860962
130.9836549758911
131.22816133499146
131.49745726585388
131.7845311164856
132.10662961006165
132.39430403709412
132.69066333770752
132.96590518951416
133.24044466018677
133.57750964164734
133.85129833221436
134.1346673965454
134.42866921424866
134.70323824882507
134.9714388847351
135.28584241867065
135.59370803833008
135.8923099040985
136.1959068775177
136.52613067626953
136.76936435699463
137.01294469833374
137.32897305488586
137.61837029457092
137.870178937912
138.13957524299622
138.4231960773468
138.69022512435913
138.94099259376526
139.17812156677246
139.4199104309082
139.82278537750244
140.0940442085266
140.40229535102844
140.63962125778198
140.82899260520935
141.01798295974731
141.1944477558136
141.39507842063904
141.60673928260803
141.81009340286255
141.99919152259827
142.21839785575867
142.43430638313293
142.66152334213257