31.44182014465332
32.00480318069458
32.443883180618286
32.854877948760986
33.27948617935181
33.795108795166016
34.241087198257446
34.65838599205017
35.019181966781616
35.43255972862244
35.865342140197754
36.330148220062256
36.77775287628174
37.21924042701721
37.67626357078552
38.07414150238037
38.54501128196716
39.01501131057739
39.437270402908325
39.859838008880615
40.25798463821411
40.74512553215027
41.13465452194214
41.54509902000427
42.00458645820618
42.39945912361145
42.78742861747742
43.21148729324341
43.61596441268921
44.03104329109192
44.455973625183105
44.89528274536133
45.29655075073242
45.69466757774353
46.11868762969971
46.49758505821228
46.92074632644653
47.35300016403198
47.74724984169006
48.142093896865845
48.54704213142395
48.97133278846741
49.34017825126648
49.81051588058472
50.34929442405701
50.90844011306763
51.28257989883423
51.73424243927002
52.18718361854553
52.6416916847229
53.10160756111145
53.53622269630432
54.0279700756073
54.431397676467896
54.926491022109985
55.413310050964355
55.815853118896484
56.19340777397156
56.62180995941162
57.02276945114136
57.44662570953369
57.95257353782654
58.39315390586853
58.820802450180054
59.24643397331238
59.68445801734924
60.13483238220215
60.598374128341675
61.02731442451477
61.4516077041626
61.925657987594604
62.29404401779175
62.71177887916565
63.16155171394348
63.61151623725891
64.04675006866455
64.56687569618225
64.9959990978241
65.36259388923645
65.82419657707214
66.25795674324036
66.69647860527039
67.15941452980042
67.61131978034973
68.10196733474731
68.57497906684875
69.01268005371094
69.4473922252655
69.89239406585693
70.2455244064331
70.62960934638977
71.06191658973694
71.40791273117065
71.82336473464966
72.21428060531616
72.57936954498291
72.97440910339355
73.36597919464111
73.75978350639343
74.29045844078064
74.68961381912231
75.14121437072754
75.54969239234924
75.88749146461487
76.2922875881195
76.68914890289307
77.1238796710968
77.55895113945007
77.96578884124756
78.39710712432861
78.80518221855164
79.27315211296082
79.68009042739868
80.26157593727112
80.6009361743927
80.99630236625671
81.45747828483582
81.8745219707489
82.30048060417175
82.6744692325592
83.11263298988342
83.52704524993896
84.00772786140442
84.39108180999756
84.80858612060547
85.19563293457031
85.71816682815552
86.03574991226196
86.53803563117981
86.9698429107666
87.44198203086853
87.89784121513367
88.2957866191864
88.7431972026825
89.16695141792297
89.63597393035889
90.16230607032776
90.58169651031494
91.03644490242004
91.4874382019043
91.96340084075928
92.32141733169556
92.71609735488892
93.17895126342773
93.5987777709961
93.95089340209961
94.39061212539673
94.81879138946533
95.26989650726318
95.74253344535828
96.19767141342163
96.56133460998535
97.05326128005981
97.48481011390686
97.92447996139526
98.35229730606079
98.83987259864807
99.2934730052948
99.74386048316956
100.09359622001648
100.4183361530304
100.8551344871521
101.18975520133972
101.5578818321228
101.93618559837341
102.3967866897583
102.81315350532532
103.2607946395874
103.65820813179016
104.11197757720947
104.53960967063904
104.99720406532288
105.43631196022034
105.90321826934814
106.30870771408081
106.72107338905334
107.14656138420105
107.6862199306488
108.05966639518738
108.47592234611511
108.93290328979492
109.39277219772339
109.80083012580872
110.30024242401123
110.74496674537659
111.19862723350525
111.61041593551636
112.12416696548462
112.56707954406738
112.99187803268433
113.47882151603699
113.94933581352234
114.41958856582642
114.80373620986938
115.24721765518188
115.7377655506134
116.15135407447815
116.61247396469116
117.10294818878174
117.534903049469
117.94287729263306
118.42005062103271
118.8165910243988
119.1943416595459
119.61012005805969
120.07957816123962
120.4457221031189
120.86820483207703
121.26766800880432
121.69475173950195
122.11370182037354
122.54672861099243
122.97404217720032
123.32774233818054
123.77513909339905
124.18618202209473
124.70070934295654
125.19910526275635
125.67971467971802
126.0977988243103
126.55845546722412
126.97849369049072
127.37020468711853
127.75755596160889
128.19880390167236
128.56526041030884
129.0134675502777
129.46909594535828
129.9169216156006
130.30426716804504
130.73900079727173
131.21441054344177
131.70727705955505
132.20242166519165
132.61338233947754
133.03334426879883
133.54209995269775
134.02049231529236
134.5227677822113
134.97403502464294
135.38846826553345
135.80877423286438
136.193749666214
136.63501167297363
136.97022795677185
137.3027904033661
137.69473671913147
138.06572484970093
139.2982635498047
139.60450625419617
140.20179057121277
140.66743969917297
140.9804084300995
141.40523672103882
141.82632398605347
142.23091530799866
142.58724808692932
143.03739833831787
143.48773789405823
143.8391933441162
144.32259249687195
144.70916390419006
145.15932512283325
145.52913355827332
145.9826946258545
146.3537402153015
146.73906636238098
147.23086595535278
147.58576560020447
148.05948424339294
148.42531752586365
148.83275651931763
149.2264485359192
149.67906665802002
150.0970664024353
150.52534747123718
150.9149477481842
151.38748478889465
151.84769415855408
152.27803134918213
152.70304036140442
153.13508319854736
153.52546787261963
153.8991618156433
154.32119011878967
154.7069091796875
155.0477418899536
155.5603950023651
156.04010272026062
156.49858689308167
156.8713185787201
157.3106725215912
157.73621249198914
158.2432894706726
158.71686053276062
159.15803122520447
159.58161449432373
160.0181803703308
160.44091272354126
160.9240083694458
161.3566539287567
161.75947046279907
162.21363186836243
162.6572904586792
163.0560975074768
163.51918578147888
163.9129717350006
164.3661117553711
164.82885003089905
165.28536200523376
165.78102850914001
166.26540803909302
166.6452181339264
167.13285040855408
167.62663650512695
168.05090975761414
168.4632387161255
168.78180050849915
169.23113465309143
169.58538484573364
169.9650890827179
170.53513360023499
170.94577264785767
171.3690323829651
171.8450803756714
172.2394618988037
172.71990275382996
173.1037254333496
173.43125104904175
173.80494666099548
174.19199395179749
174.58654522895813
174.9903974533081
175.3275032043457
175.73426818847656
176.14678168296814
176.53800559043884
176.9281096458435
177.34689354896545
177.77986764907837
178.19602942466736
178.59507513046265
179.02711391448975
179.53065633773804
179.98494291305542
180.40300798416138
180.87711024284363
181.33099818229675
181.69105195999146
182.16854119300842
182.60060167312622
183.1396999359131
183.61575150489807
184.14054560661316
184.6134114265442
185.05425381660461
185.52373218536377
185.97940349578857
186.40680503845215
186.7810230255127
187.14005303382874
187.57009744644165
187.93368005752563
188.36694955825806
188.82208228111267
189.26007986068726
189.67445874214172
190.15699195861816
190.58113598823547
191.02643585205078
191.47308611869812
191.867999792099
192.3068175315857
192.75752329826355
193.17301487922668
193.57453155517578
193.9668529033661
194.42266511917114
194.87568306922913
195.33868074417114
195.74749112129211
196.2191801071167
196.60662484169006
197.00938534736633
197.42714643478394
197.8344841003418
198.2197663784027
198.62264204025269
199.0506284236908
199.42008590698242
199.80500650405884
200.2298355102539
200.7954761981964
201.25621557235718
201.68132877349854
202.03691244125366
202.37370228767395
202.84210753440857
203.26892232894897
203.6877613067627
204.07179236412048
204.55935263633728
204.97570037841797
205.44781160354614
205.8232183456421
206.19160103797913
206.57350707054138
206.96817994117737
207.41004395484924
207.99769830703735
208.38401770591736
208.88183403015137
209.39221787452698
209.91867423057556
210.41227173805237
210.84917330741882
211.23348712921143
211.70962834358215
212.1384150981903
212.48718094825745
212.93729639053345
213.45905876159668
214.04855465888977
214.4910728931427
214.91749000549316
215.44423127174377
215.8973138332367
216.33923983573914
216.79383516311646
217.24602556228638
217.69883131980896
218.20527625083923
218.66330862045288
219.1518213748932
219.60995173454285
220.0479757785797
220.50754022598267
220.97671794891357
221.43840336799622
221.89307928085327
222.3907971382141
222.9267795085907
223.3353419303894
223.8381655216217
224.17965722084045
224.62705492973328
225.06592655181885
225.52612900733948
225.8887071609497
226.26091122627258
226.64350056648254
227.06693816184998
227.43310403823853
227.8260200023651
228.23576188087463
228.80189442634583
229.26955723762512
229.73739457130432
230.15614485740662
230.57123804092407
231.0867578983307
231.47691917419434
231.90617275238037
232.3322513103485
232.7606019973755
233.3265368938446
233.76600337028503
234.21515107154846
234.8054871559143
235.22624683380127
235.72932600975037
236.15257787704468
236.6701099872589
237.0971930027008
237.70223450660706
238.1758382320404
238.68258547782898
239.10256505012512
239.48034024238586
239.88326334953308
240.35556364059448
240.87911248207092
241.32451844215393
241.80326080322266
242.26850986480713
242.79943704605103
243.27244448661804
243.64222764968872
244.17427253723145
244.61719846725464
245.04040479660034
245.5255913734436
245.88796854019165
246.3098006248474
246.70454692840576
247.0902361869812
247.5130534172058
248.0226709842682
248.44916915893555
248.9160258769989
249.35368156433105