27.265849113464355
27.96143627166748
28.584998846054077
29.23966121673584
29.982535362243652
30.668339252471924
31.281596422195435
31.961794137954712
32.559420347213745
33.22566628456116
33.985997676849365
34.55783557891846
35.1486382484436
35.79008173942566
36.433504581451416
36.94693994522095
37.490840911865234
38.09356331825256
38.7146110534668
39.24357509613037
39.82166790962219
40.32474970817566
40.968650102615356
41.55767488479614
42.22682046890259
42.80764102935791
43.44247055053711
44.0305597782135
44.63119864463806
45.1172890663147
45.76270890235901
46.33046293258667
46.94523787498474
47.50508427619934
48.06647300720215
48.65136384963989
49.33114218711853
49.943238973617554
50.6305992603302
51.301084995269775
52.06808876991272
52.72951579093933
53.37597370147705
54.001784324645996
54.62193059921265
55.21216416358948
55.848647356033325
56.47763013839722
57.188663721084595
57.782777070999146
58.358333110809326
58.96430993080139
59.55915689468384
60.220704078674316
60.86180520057678
61.527552366256714
62.11439847946167
62.74650192260742
63.4412157535553
63.98361921310425
64.60821509361267
65.2876844406128
65.95897960662842
66.55098819732666
67.20738768577576
67.90305471420288
68.51218676567078
69.42618775367737
70.19461107254028
70.81256079673767
71.41522264480591
72.05577850341797
72.76001238822937
73.46701431274414
74.06692337989807
74.70444393157959
75.26644444465637
75.85666060447693
76.39129590988159
77.08051705360413
77.65621566772461
78.21791505813599
78.79991579055786
79.41609692573547
80.11437225341797
80.80654335021973
81.37785220146179
82.04703402519226
82.81702065467834
83.49458408355713
84.11641812324524
84.79560875892639
85.40920519828796
85.97254228591919
86.62114143371582
87.25414228439331
87.82620453834534
88.47526168823242
89.09588241577148
89.73137903213501
90.3748688697815
90.99342489242554
91.57299423217773
92.1665551662445
92.73964357376099
93.36600947380066
93.98730897903442
94.63316702842712
95.23268127441406
95.8889787197113
96.48465299606323
97.15074729919434
97.70870232582092
98.3298990726471
98.86970138549805
99.39967799186707
99.98587441444397
100.63416647911072
101.2370195388794
101.74389886856079
102.44166779518127
103.0770013332367
103.62646722793579
104.28773498535156
104.94412350654602
105.5308027267456
106.16639232635498
106.83997964859009
107.38566613197327
107.97756099700928
108.60597586631775
109.24733972549438
109.89861917495728
110.44444680213928
111.0694785118103
111.72205710411072
112.44498109817505
113.09263181686401
113.76662492752075
114.41176557540894
115.00653028488159
115.51486778259277
116.03404211997986
116.58639526367188
117.18116641044617
117.96534538269043
118.66594648361206
119.3122763633728
119.90372610092163
120.47538900375366
121.06209659576416
121.61194849014282
122.19163036346436
122.76652503013611
123.30269312858582
123.9020664691925
124.47661995887756
124.9874484539032
125.53393292427063
126.09998917579651
126.69241046905518
127.24404668807983
127.83307719230652
128.37082290649414
128.99225234985352
129.57334899902344
130.09544491767883
130.72164368629456
131.24092364311218
131.91332626342773
132.69174003601074
133.2806417942047
133.97665858268738
134.5978820323944
135.12687230110168
135.70883107185364
136.2573766708374
136.8378643989563
137.3203251361847
137.90833449363708
138.5792317390442
139.17261362075806
139.79867506027222
140.48396015167236
141.09785103797913
141.69627141952515
142.25469994544983
142.8788104057312
143.43694424629211
144.11011242866516
144.75855088233948
145.32762455940247
145.8868100643158
146.48209857940674
147.1560413837433
147.7665672302246
148.341055393219
148.87588739395142
149.3938009738922
149.95611381530762
150.55946803092957
151.15052580833435
151.7394313812256
152.29770588874817
152.86310124397278
153.41985297203064
154.1466555595398
154.79232740402222
155.34698867797852
155.94438481330872
156.54877996444702
157.1803286075592
157.70263290405273
158.40981197357178
158.89614415168762
159.5212643146515
160.17281675338745
160.7834038734436
161.38714408874512
161.9259147644043
162.49669003486633
163.10238432884216
163.7156116962433
164.27444696426392
164.81381821632385
165.51876997947693
166.13478899002075
166.78088331222534
167.38020610809326
168.03081965446472
168.6525993347168
169.27527284622192
169.85617542266846
170.50734663009644
171.11556100845337
171.68123054504395
172.286230802536
172.9910204410553
173.65204548835754
174.21990633010864
174.77214360237122
175.36671781539917
176.0263330936432
176.63553929328918
177.1418857574463
177.71080708503723
178.34171891212463
178.84741377830505
179.41948318481445
179.9905867576599
180.55189633369446
181.13751578330994
181.7049708366394
182.3106279373169
182.894362449646
183.42500281333923
184.389830827713
184.86960673332214
185.5204839706421
186.09139251708984
186.7275516986847
187.29446530342102
187.88360238075256
188.42157697677612
189.02458453178406
189.6468381881714
190.25724482536316
190.84017658233643
191.44168305397034
192.13913369178772
192.67663669586182
193.19236254692078
193.7252688407898
194.2879946231842
194.7697308063507
195.34353351593018
195.96722149848938
196.58362460136414
197.17005372047424
197.77917313575745
198.3898708820343
198.9774866104126
199.62183594703674
200.1979901790619
200.81164050102234
201.4531102180481
202.02394342422485
202.61765217781067
203.2127320766449
203.87238955497742
204.48008179664612
205.15514755249023
205.89809036254883
206.47425627708435
207.03952169418335
207.6864423751831
208.35294437408447
209.07205438613892
209.6893446445465
210.40481114387512
211.18416094779968
211.87460803985596
212.50848364830017
213.07350134849548
213.641339302063
214.24729251861572
214.91281723976135
215.50247240066528
216.20211219787598
216.8341658115387
217.48435616493225
218.1229429244995
218.7923231124878
219.40299272537231
219.99656653404236
220.65908241271973
221.33816289901733
221.92585706710815
222.55261754989624
223.1328465938568
223.72118830680847
224.32947278022766
224.99722385406494
225.57274651527405
226.21148014068604
226.7529435157776
227.3572154045105
227.88229370117188
228.46758341789246
229.07770657539368
229.64171028137207
230.24156546592712
230.84801387786865
231.44483089447021
231.99731016159058
232.60222053527832
233.19658017158508
233.80226135253906
234.40694189071655
235.04077076911926
235.68298625946045
236.2974841594696
236.9827904701233
237.5696141719818
238.1825408935547
238.75877213478088
239.33971643447876
239.8707196712494
240.4038302898407
240.9759349822998
241.58161997795105
242.24090361595154
242.78035426139832
243.3506317138672
243.97004222869873
244.645001411438
245.2068634033203
245.77470707893372
246.42243218421936
247.04305410385132
247.59717273712158
248.15306520462036
248.75657439231873
249.4158432483673
250.02990651130676
250.69828152656555
251.3627142906189
252.01835370063782
252.78321242332458
253.38969588279724
254.02665638923645
254.60912322998047
255.2904019355774
255.95622515678406
256.5386452674866
257.15561842918396
257.74186396598816
258.3189945220947
258.96882796287537
259.5930607318878
260.26071524620056
260.87237548828125
261.48431730270386
262.1374387741089
262.7619163990021
263.4531087875366
264.07323575019836
264.7219707965851
265.35647106170654
265.9783706665039
266.6779263019562
267.3871283531189
268.0204908847809
268.6570770740509
269.3161766529083
269.987774848938
270.50965213775635
271.09551882743835
271.6347396373749
272.34638953208923
272.9820113182068
273.5958971977234
274.1668884754181
274.77457571029663
275.4676196575165
276.0778703689575
276.65089678764343
277.24834060668945
277.85069394111633
278.4122200012207
278.9151701927185
279.4810266494751
280.01242327690125
280.6469316482544
281.1903762817383
281.82412481307983
282.42171835899353
282.9806408882141
283.51823902130127
284.07999062538147
284.72127199172974
285.24049830436707
285.91532850265503
286.49321389198303
287.06294107437134
287.6233377456665
288.25942969322205
288.8297498226166
289.4483025074005
289.96489667892456
290.5539176464081
291.2212755680084
291.8314039707184
293.1664705276489
293.8397681713104
294.466269493103
295.0366761684418
295.6689431667328
296.2932376861572
296.9175589084625
297.5100700855255
298.48507380485535
299.0527379512787
299.6583836078644
300.24217343330383
300.804967880249
301.44353723526
302.3104319572449
302.82003450393677
303.3481214046478
303.9514901638031
304.5420937538147
305.12642431259155
305.72585463523865
306.3008027076721
306.85946917533875
307.42977237701416
307.97827434539795
308.5500593185425
309.17699813842773
309.8353760242462
310.4932806491852
311.0916209220886
311.70022797584534
312.37512826919556
313.0421874523163
313.66498160362244
314.27117896080017
314.9426910877228
315.5846300125122
316.26010251045227
316.8540823459625
317.368328332901
317.92880296707153
318.4801001548767
319.14311170578003
319.84975385665894
320.3986418247223
321.06644892692566
321.7114794254303
322.33016324043274
322.984256029129
323.5673122406006
324.1713149547577
324.87222361564636
325.5571434497833
326.14766550064087
326.7889873981476
327.49916195869446
328.09383273124695
328.6723003387451
329.312255859375
329.8989245891571
330.5894043445587
331.04492020606995
331.62816286087036
332.19372725486755
332.79463386535645
333.37555718421936
334.07744097709656
334.83918952941895
335.42320466041565
335.96741366386414
336.5322880744934
337.09886932373047
337.7687921524048
338.45063948631287
339.0467879772186
339.61677265167236
340.27163887023926
340.88561606407166
341.48209977149963
342.09931230545044
342.75771164894104
343.39112091064453
344.0007863044739
344.621173620224
345.17876386642456
345.84011054039
346.5100727081299
347.08670711517334
347.6872386932373
348.3105459213257
348.9812333583832
349.6111385822296
350.09837317466736
350.7066123485565
351.30514788627625
351.9762170314789
352.5816466808319
353.22265005111694
353.883229970932
354.55157923698425
355.25101494789124
355.8371231555939
356.3723292350769
357.0058352947235
357.5740051269531
358.14359760284424
358.76754236221313
359.34283447265625
359.9780297279358
360.62210750579834
361.18611097335815
361.75061559677124
362.50268959999084
363.2404124736786
363.85926723480225
364.5528824329376
365.10528564453125
365.6803357601166
366.31060791015625
366.9617178440094
367.54982471466064
369.16186714172363
369.9819755554199
370.56594824790955
371.1385736465454
371.7615637779236
372.36337995529175
372.9309010505676
373.565226316452
374.2271103858948
374.80030155181885
375.3623592853546
376.1360647678375
376.62999200820923
377.1813850402832
377.757737159729
378.39023208618164
379.00796818733215
379.6309370994568
380.18041157722473
380.86258029937744
381.3491733074188
381.99604415893555
382.6317410469055
383.16703939437866
383.7572989463806
384.3259029388428
384.9231176376343
385.3852050304413
386.10263228416443
386.7076244354248
387.3081531524658
387.9134838581085
388.5073208808899
389.0768768787384
389.6145794391632
390.19481205940247
390.764799118042
391.42431831359863
392.0280592441559
392.5867567062378
393.31129360198975
393.9055721759796
394.54517555236816
395.10920238494873
395.6569905281067
396.2372601032257
396.79577112197876
397.3467335700989
397.97888803482056
398.5279290676117
399.0860095024109
399.65433716773987
400.298446893692
400.8910171985626
401.5327043533325
402.12063336372375
402.72209310531616
403.28338527679443
403.84242033958435
404.48542833328247
405.17239570617676
405.7780673503876
406.547381401062
407.13995599746704
407.7253134250641
408.2611916065216
408.84523701667786
409.4375436306
410.0590627193451
410.67688941955566
411.3463342189789
411.99026894569397
412.51552724838257
413.1473639011383
413.7076756954193
414.3222563266754
414.8865578174591
415.4663710594177
416.03146409988403
416.6136655807495
417.1748650074005
417.7315878868103
418.3175759315491
418.9312582015991
419.5113880634308
420.20709252357483
420.811372756958
421.3590371608734
421.9651110172272
422.62718534469604
423.22128438949585
423.8111824989319
424.6058888435364
425.2805325984955
425.8084309101105
426.4302785396576
427.0939326286316
427.67401814460754
428.23791098594666
428.87509965896606
429.55873703956604
430.1203188896179
430.76741194725037
431.2745146751404
431.92337131500244
432.50326204299927
433.1256892681122
433.81929183006287
434.4652180671692
435.1211140155792
435.7424705028534
437.16334533691406
437.8288052082062
438.4753668308258
439.1122295856476
439.7174777984619
440.38089871406555
441.0100359916687
441.6371326446533
442.21669340133667
442.81486463546753
443.5475449562073
444.0660095214844
444.68920946121216
445.2866072654724
445.8466591835022
446.41117095947266
446.9060654640198
447.4878559112549
448.1100513935089
448.75161385536194
449.35247921943665
449.9046082496643
450.40409111976624
450.997962474823
451.57541060447693
452.1857488155365
452.7795503139496
453.3610441684723
453.9426112174988
454.61693263053894
455.24629378318787
455.80079436302185
456.41272234916687
457.0299439430237
457.58467292785645
458.1334035396576
458.69047141075134
459.2874789237976
459.8689992427826
460.4633047580719
461.0448956489563
461.6352889537811
462.15264344215393
462.8051207065582
463.35424065589905
463.91485691070557
464.5155749320984
465.21124958992004
465.8638722896576
466.4356207847595
467.0763146877289
467.6965923309326
468.25437474250793
468.82616567611694
469.3978714942932
470.0461869239807
470.6228184700012
471.2845995426178
471.92191076278687
472.6590440273285
473.3580467700958
473.9996249675751
474.64108085632324
475.28763341903687
475.8457109928131
476.365296125412
477.01678919792175
477.6217517852783
478.22866916656494
478.8510773181915
479.4476590156555
480.0934190750122
480.754919052124
481.3180618286133
481.95471119880676
482.6832239627838
483.28110337257385
483.95191526412964
484.60214281082153
485.20743107795715
485.86193013191223
486.45599341392517
487.0625834465027
487.61010813713074
488.1910095214844
488.83255767822266
489.39542508125305
490.0000240802765
490.62080550193787
491.31317615509033
491.9331548213959
492.5360984802246
493.0026800632477
493.60291385650635
494.19797444343567
494.70822381973267
495.33162093162537
496.4064645767212
496.91961145401
497.54077982902527
498.20225381851196
498.7992808818817
499.3966293334961
500.0119094848633
500.62839436531067
501.23414373397827
501.8237736225128
502.4710490703583
503.1943316459656
503.7891538143158
504.4006402492523
505.10738039016724
505.6830885410309
506.33544754981995
506.93310356140137
507.57921147346497
508.084228515625
508.7132134437561
509.29870653152466
509.89848709106445
510.388551235199
510.9771418571472
511.56218934059143
512.0942671298981
512.6848449707031
513.3445200920105
513.9505050182343
514.5581409931183
515.3352556228638
515.9785168170929
516.6485793590546
517.2886912822723
517.9196345806122
518.5778195858002
519.226359128952
519.8922612667084
520.5007500648499
520.9900155067444
521.5706250667572
522.1572408676147
522.6271681785583
523.14683842659
523.721625328064
524.2406759262085
524.7604830265045
525.3070223331451
525.9517681598663
526.5656943321228
527.0886130332947
527.714793920517
528.410088300705
529.0344755649567
529.6705408096313
530.3048555850983
530.9923918247223
531.6261031627655
532.1743276119232
532.6571125984192
533.2478086948395
533.7890667915344
534.2934341430664
534.841808795929
535.4131228923798
535.970067024231
536.5108954906464
536.9856472015381
537.5211300849915
538.2050940990448
