26.673535108566284
26.982162714004517
27.235990524291992
27.618963479995728
27.85217785835266
28.11634588241577
28.595613479614258
29.030212879180908
29.272309064865112
29.579835653305054
29.822721242904663
30.042500257492065
30.25412082672119
30.494377613067627
30.76663327217102
31.085188150405884
31.30518913269043
31.53615427017212
31.819695711135864
32.2322051525116
32.45399570465088
32.69767904281616
32.89406394958496
33.110867500305176
33.387139081954956
33.63540005683899
33.88693380355835
34.14543604850769
34.44798040390015
34.77171802520752
35.01899838447571
35.33648753166199
35.7057888507843
36.01257538795471
36.33246397972107
36.64922523498535
36.90749144554138
37.20498538017273
37.47319483757019
37.75732755661011
38.00842499732971
38.27658128738403
38.533936738967896
38.816542625427246
39.07800078392029
39.36269569396973
39.621583223342896
39.87182068824768
40.142786502838135
40.3791241645813
40.63330292701721
40.974653244018555
41.293489933013916
41.55211305618286
41.83520293235779
42.09399938583374
42.37225031852722
42.66857600212097
42.916584968566895
43.16029739379883
43.39771771430969
43.63697838783264
43.868813276290894
44.14306116104126
44.40144157409668
44.64451456069946
44.912535667419434
45.161821603775024
45.428247928619385
45.70973587036133
45.9898145198822
46.201021909713745
46.42398643493652
46.73000621795654
47.04624366760254
47.297417640686035
47.530805587768555
47.79475235939026
48.061649799346924
48.342169523239136
48.684993267059326
48.9629967212677
49.2212028503418
49.49948525428772
49.786251068115234
50.0643048286438
50.337692975997925
50.60141944885254
50.88872671127319
51.16384243965149
51.43220353126526
51.66187405586243
51.899473905563354
52.12972450256348
52.36146831512451
52.64046287536621
52.86187291145325
53.14181470870972
53.44050645828247
53.85080075263977
54.14068961143494
54.442933559417725
54.62849831581116
54.81832003593445
55.089356660842896
55.29868960380554
55.510886669158936
55.758551359176636
56.116355657577515
56.42326617240906
56.68142628669739
56.9404833316803
57.21245861053467
57.50111675262451
57.7297797203064
57.995959997177124
58.255220890045166
58.54233241081238
58.812992572784424
59.18541193008423
59.4995653629303
59.81761884689331
60.1041533946991
60.38022303581238
60.651824712753296
60.92576837539673
61.19331192970276
61.459142446517944
61.7864248752594
62.064987897872925
62.28326964378357
62.4694287776947
62.67725706100464
62.85671138763428
63.03038740158081
63.18614101409912
63.42653179168701
63.61360001564026
63.90034341812134
64.16530346870422
64.50115656852722
64.77870273590088
65.13755297660828
65.54766035079956
65.7943046092987
66.02844882011414
66.27366495132446
66.55901098251343
66.87842798233032
67.17453217506409
67.45676350593567
67.74865198135376
68.01937007904053
68.24712777137756
68.56951785087585
68.87102341651917
69.14205193519592
69.43108129501343
69.71191501617432
70.07610011100769
70.30304622650146
70.5815224647522
70.82287549972534
71.09049987792969
71.36245822906494
71.66066765785217
71.93508100509644
72.18667101860046
72.44785261154175
72.72718667984009
72.98642349243164
73.27018642425537
73.52669787406921
73.83087086677551
74.11011385917664
74.35388994216919
74.60973596572876
74.88946986198425
75.1263267993927
75.36505603790283
75.60069489479065
75.86404848098755
76.16584515571594
76.43943691253662
76.70436096191406
76.97819447517395
77.25319361686707
77.53749537467957
77.84738969802856
78.08150434494019
78.3256344795227
78.62564277648926
78.98320055007935
79.2440538406372
79.52229690551758
79.80412459373474
80.08250737190247
80.35545659065247
80.62058019638062
80.8939778804779
81.21499705314636
81.52209424972534
81.87179279327393
82.13631010055542
82.46715974807739
82.77235865592957
83.05331373214722
83.37777924537659
83.6491014957428
83.93107390403748
84.20064973831177
84.4782943725586
84.76287508010864
85.00668025016785
85.2278003692627
85.46407127380371
85.75102925300598
86.00343227386475
86.29028534889221
86.5900468826294
86.90068030357361
87.23004865646362
87.50876975059509
87.79137134552002
88.0618064403534
88.32032537460327
88.63496398925781
88.90857267379761
89.21548581123352
89.47599744796753
89.71732997894287
89.9269630908966
90.11816692352295
90.31415271759033
90.49450278282166
90.69594025611877
90.95549464225769
91.21561360359192
91.49875354766846
91.7788496017456
92.06383609771729
92.32182359695435
92.52608275413513
92.7534351348877
93.12831163406372
93.42286133766174
93.7138729095459
94.01734948158264
94.2705762386322
94.55394840240479
94.82709407806396
95.17764258384705
95.4906280040741
95.82108545303345
96.12623381614685
96.4515471458435
96.80682635307312
97.20104479789734
97.48759746551514
97.83147621154785
98.14874649047852
98.41626834869385
98.66830468177795
98.95034217834473
99.22650480270386
99.46253442764282
99.76665210723877
100.09624004364014
100.42212843894958
100.71182584762573
100.99216222763062
101.3771595954895
101.71121382713318
102.02056574821472
102.46150469779968
102.73222255706787
103.02239871025085
103.32215595245361
103.60315537452698
103.90369129180908
104.21944499015808
104.54434943199158
104.82039308547974
105.16739463806152
105.52549839019775
105.8345410823822
106.12993955612183
106.41662955284119
106.68646836280823
106.96359443664551
107.24669694900513
107.53332161903381
107.8462085723877
108.1447446346283
108.44262099266052
108.74545478820801
109.0703125
109.3510377407074
109.6526837348938
109.961097240448
110.24986553192139
110.54134392738342
110.84150075912476
111.11852979660034
111.43070983886719
111.71762585639954
112.06048464775085
112.36338877677917
112.67304039001465
112.97185683250427
113.29313468933105
113.60514116287231
113.89617705345154
114.35216069221497
114.58968782424927
114.82283663749695
115.09362483024597
115.33827519416809
115.61184573173523
115.85697650909424
116.10367035865784
116.35429811477661
116.6139919757843
116.88426089286804
117.13882231712341
117.41171622276306
117.65794205665588
117.97628617286682
118.26127457618713
118.55670809745789
118.86580991744995
119.15772747993469
119.47337651252747
119.78854036331177
120.09168672561646
120.42061877250671
120.70235538482666
120.9920597076416
121.30250835418701
121.60412836074829
121.93323755264282
122.22254586219788
122.53629326820374
122.8884003162384
123.17913603782654
123.50417804718018
123.80170035362244
124.10847640037537
124.41106581687927
124.69841170310974
124.98273158073425
125.26231479644775
125.62104439735413
125.96341323852539
126.25146079063416
126.51205849647522
126.85237240791321
127.151123046875
127.43617343902588
127.7792580127716
128.09130692481995
128.40741539001465
128.74338340759277
129.0692880153656
129.36830711364746
129.66811609268188
130.0785846710205
130.39240074157715
130.6680245399475
130.98932075500488
131.33201932907104
131.7413535118103
132.04945373535156
132.38474822044373
132.7127170562744
133.01777958869934
133.34145498275757
133.65978908538818
133.98398232460022
134.3096387386322
134.57682156562805
134.82926321029663
135.08376455307007
135.37439703941345
135.61348509788513
135.8503487110138
136.09943771362305
136.3365159034729
136.57266688346863
136.79968285560608
137.09499955177307
137.39728498458862
137.71459460258484
138.03934836387634
138.38035202026367
138.6810622215271
138.95729851722717
139.19662928581238
139.43114733695984
139.6895923614502
139.93977069854736
140.2055892944336
140.46806478500366
140.74327874183655
141.0531735420227
141.355610370636
141.67029356956482
141.9664535522461
142.26626420021057
142.5688991546631
142.8844027519226
143.1943621635437
143.48813247680664
143.82530450820923
144.12660789489746
144.43873953819275
144.76483631134033
145.1972086429596
145.50524950027466
145.81099724769592
146.08755779266357
146.35663175582886
146.63738918304443
146.898033618927
147.16859936714172
147.4266221523285
147.70612931251526
147.9808554649353
148.2642753124237
148.58251428604126
148.87871932983398
149.14719939231873
149.60880208015442
149.884131193161
150.17827773094177
150.6846559047699
150.9925389289856
151.45836901664734
151.8488471508026
152.27127766609192
152.58324146270752
152.91199660301208
153.27066111564636
153.597802400589
153.88821482658386
154.09481263160706
154.29391193389893
154.43590259552002
154.5903639793396
154.72408890724182
154.8736753463745
155.00780200958252
155.2431981563568
155.55103278160095
155.83750796318054
156.1463701725006
156.4737584590912
