35.3375301361084
35.79455757141113
36.04557180404663
36.3427312374115
36.69836115837097
37.36755061149597
37.85626029968262
38.11565828323364
38.38650298118591
38.764204263687134
38.980472803115845
39.23338055610657
39.50155448913574
39.76274847984314
40.01530075073242
40.24013566970825
40.421305418014526
40.63564348220825
40.87821888923645
41.11857533454895
41.32236933708191
41.51777172088623
41.69463515281677
41.874911308288574
42.039889097213745
42.20023465156555
42.372172117233276
42.53447890281677
42.71347165107727
42.924741983413696
43.15777564048767
43.42636799812317
43.68758225440979
43.877732038497925
44.05073285102844
44.29719376564026
44.63459324836731
44.91127252578735
45.16186833381653
45.45235204696655
45.77063035964966
46.040794134140015
46.428468227386475
46.68672442436218
46.99180889129639
47.28311276435852
47.60414099693298
47.82900071144104
48.075732707977295
48.330344438552856
48.584941387176514
48.857401847839355
49.105093002319336
49.34290885925293
49.682464599609375
49.912020683288574
50.146944999694824
50.43155646324158
50.66641688346863
50.88862681388855
51.131129026412964
51.42794632911682
51.723121643066406
52.0066933631897
52.23467493057251
52.455416440963745
52.64583110809326
52.958921670913696
53.23988723754883
53.4583203792572
53.91020441055298
54.22269034385681
54.47313094139099
54.751811027526855
55.05212044715881
55.34087824821472
55.63036036491394
55.94672131538391
56.22703266143799
56.53799223899841
56.77667307853699
57.1478271484375
57.408010959625244
57.66157245635986
57.90356707572937
58.17061805725098
58.44673824310303
58.69757795333862
58.94281601905823
59.18849468231201
59.45547938346863
59.71279811859131
59.980796575546265
60.19375967979431
60.50482749938965
60.80277705192566
61.04421091079712
61.29369926452637
61.54584360122681
61.77054262161255
61.99709749221802
62.27354955673218
62.56212878227234
62.85616183280945
63.13982129096985
63.39556002616882
63.716814041137695
63.98590421676636
64.36183547973633
64.66025185585022
64.93014240264893
65.17862296104431
65.47841739654541
65.75813388824463
66.06512403488159
66.2949800491333
66.54334115982056
66.88429188728333
67.08067893981934
67.34135174751282
67.73643040657043
67.98759126663208
68.26076793670654
68.49922966957092
68.72888803482056
68.95345783233643
69.22678637504578
69.45763778686523
69.73730111122131
69.97983360290527
70.40413498878479
70.67187070846558
70.92665553092957
71.14635467529297
71.41127514839172
71.67108416557312
72.00728034973145
72.240895986557
72.4498929977417
72.63064980506897
72.79060244560242
73.1875216960907
73.48485255241394
73.89631867408752
74.211106300354
74.53751707077026
74.83606886863708
75.14706349372864
75.43385934829712
75.73723697662354
76.05109095573425
76.33629703521729
76.62208795547485
76.97493171691895
77.46328210830688
77.76817011833191
77.96461200714111
78.17461585998535
78.38580250740051
78.70628905296326
78.99282550811768
79.22418785095215
79.47649669647217
79.69393873214722
79.95854330062866
80.25096082687378
80.48765635490417
80.73080682754517
80.99705505371094
81.32549953460693
81.59166765213013
81.8584361076355
82.10885286331177
82.45001125335693
82.86787915229797
83.15622687339783
83.42604541778564
83.74103379249573
84.05975294113159
84.36663484573364
84.60217833518982
85.0423731803894
85.3592963218689
85.5757384300232
85.83179593086243
86.1049427986145
86.41984510421753
86.70339059829712
87.10166454315186
87.37874841690063
87.63827157020569
87.91884517669678
88.20866918563843
88.47298789024353
88.7804946899414
89.0879898071289
89.37628221511841
89.64836287498474
89.97064757347107
90.2921974658966
90.58128070831299
90.84180951118469
91.08865070343018
91.3733160495758
91.67561030387878
91.9719123840332
92.27442073822021
92.55094242095947
92.78494691848755
93.0900444984436
93.35408306121826
93.62749910354614
93.92655539512634
94.20909214019775
94.49306988716125
94.9209041595459
95.23993992805481
95.5145423412323
95.8376259803772
96.14744687080383
96.48524403572083
96.79240393638611
97.05909872055054
97.33096885681152
97.58045625686646
97.86730146408081
98.15582180023193
98.48653244972229
98.84174919128418
99.16180443763733
99.4429714679718
99.72155547142029
100.01016092300415
100.31542539596558
100.67918848991394
100.95448279380798
101.28473281860352
101.59261775016785
101.88148236274719
102.10336542129517
102.36331558227539
102.62486290931702
102.96078562736511
103.15296506881714
103.41054892539978
103.70329451560974
103.98085737228394
104.30866932868958
104.56019163131714
104.88531279563904
105.1928300857544
105.63178396224976
105.95778298377991
106.2908444404602
106.64224004745483
107.02099871635437
107.37673711776733
107.73456954956055
107.96545743942261
108.31727170944214
108.68037486076355
109.01861238479614
109.36525058746338
109.61716866493225
109.84841632843018
110.08785724639893
110.39328789710999
110.68295741081238
110.96722340583801
111.25529026985168
111.53858017921448
111.82424187660217
112.45168399810791
112.80005979537964
113.06388640403748
113.3314414024353
113.95021605491638
114.33796644210815
114.6022424697876
114.77825736999512
114.9571225643158
115.11272025108337
115.2490599155426
115.40707564353943
115.55528831481934
115.65675687789917
115.7872257232666
116.02901196479797
116.22666454315186
116.46234107017517
116.72308135032654
116.98200464248657
117.27171230316162
117.53796029090881
117.75472331047058
118.06958603858948
118.35817265510559
118.68132328987122
118.95519709587097
119.21302485466003
119.47049403190613
119.75399541854858
120.03474020957947
120.35432171821594
120.67715549468994
120.9472484588623
121.48890280723572
123.2670419216156
123.53937792778015
123.8922426700592
124.14044785499573
124.3323917388916
124.58511090278625
124.81903004646301
125.04709792137146
125.31261777877808
125.56669282913208
125.80330014228821
126.06820249557495
126.33298516273499
126.62256741523743
126.88485765457153
127.14339852333069
127.41554856300354
127.68762230873108
127.94963049888611
128.32483887672424
128.61758279800415
128.9262237548828
129.18602013587952
129.43663573265076
129.64799880981445
129.9056191444397
130.16824984550476
130.3751094341278
130.58952355384827
130.81937551498413
131.08163785934448
131.36428260803223
131.60875248908997
131.83752584457397
132.04198026657104
132.2677776813507
132.48816227912903
132.73359632492065
132.95579528808594
133.18239879608154
133.4499795436859
133.732736825943
134.00877165794373
134.26755571365356
134.52205228805542
134.78006505966187
135.06304502487183
135.3270969390869
135.60274052619934
135.84890246391296
136.10344743728638
136.34908294677734
136.62731862068176
136.8772895336151
137.14763593673706
137.43270087242126
137.66579961776733
137.91752862930298
138.17812132835388
138.4474549293518
138.73466992378235
138.9901638031006
139.28798580169678
139.56883716583252
139.7751657962799
140.0477774143219
140.30981588363647
140.57452130317688
140.84056067466736
141.0747034549713
141.2620987892151
141.44794034957886
141.6598343849182
141.83958196640015
142.0802903175354
142.4465925693512
142.6370108127594
142.8192629814148
143.00266933441162
143.18723797798157
143.38287591934204
143.5711371898651
143.75299906730652
143.93169021606445
144.10768866539001
144.3164930343628
144.49967169761658
144.6936492919922
144.86512994766235
145.02913880348206
145.20355987548828
145.38583779335022
145.55068278312683
145.7314841747284
145.91205430030823
146.08964443206787
146.26356196403503
146.4484360218048
146.6321234703064
146.80185198783875
146.9765989780426
147.15204215049744
147.3550627231598
147.52584266662598
147.71083688735962
147.90445470809937
148.08531641960144
148.26325821876526
148.44069027900696
148.6299924850464
148.7669219970703
148.8904778957367
149.02744150161743
149.16021823883057
149.2913224697113
149.42325949668884
149.5744206905365
149.70839738845825
149.84575605392456
149.9927258491516
150.13275694847107
150.2665364742279
150.40727305412292
150.5649631023407
150.73598766326904
150.86433124542236
151.0250916481018
151.16209435462952
151.32270193099976
151.56769490242004
151.83054280281067
152.11431455612183
152.36123633384705
