25.90316915512085
26.547489166259766
26.9129536151886
27.427565574645996
27.94977617263794
28.352647304534912
28.727917432785034
29.161229133605957
29.5790855884552
30.0284640789032
30.438751220703125
30.8513286113739
31.24909257888794
31.676201343536377
32.04864478111267
32.468825817108154
32.881165504455566
33.31063413619995
33.749818086624146
34.15042018890381
34.59252667427063
35.05789494514465
35.42689275741577
35.804119348526
36.241347789764404
36.667685747146606
37.149242877960205
37.66797494888306
38.06535077095032
38.54703378677368
38.982460737228394
39.40793704986572
39.89228057861328
40.3286395072937
40.81177997589111
41.24858474731445
41.75015211105347
42.18277287483215
42.60026693344116
43.044304847717285
43.57560729980469
43.9705536365509
44.44765043258667
44.83862352371216
45.295613527297974
45.776888847351074
46.169711112976074
46.67502450942993
47.198105573654175
47.619752168655396
48.10172915458679
48.58141589164734
49.03602600097656
49.52441120147705
49.976577281951904
50.40054941177368
50.779109954833984
51.25548577308655
51.71967601776123
52.06389665603638
52.44917702674866
52.90232563018799
53.20539474487305
53.60090208053589
53.9638946056366
54.38497972488403
54.82936215400696
55.21473836898804
55.61073684692383
56.0098602771759
56.47094011306763
56.83785367012024
57.270686864852905
57.67663598060608
58.070987701416016
58.524505376815796
59.034849405288696
59.55512046813965
59.976353883743286
60.459872245788574
60.915258169174194
61.425267934799194
61.88567519187927
62.36210370063782
62.84950876235962
63.3209433555603
63.770607233047485
64.25243616104126
64.73672556877136
65.14908576011658
65.68610739707947
66.17069053649902
66.62583947181702
67.03139615058899
67.41584753990173
67.82983422279358
68.34200501441956
68.82899618148804
69.28141570091248
69.7748908996582
70.22882127761841
70.62217426300049
71.00495648384094
71.35708165168762
71.75174736976624
72.16861844062805
72.51808524131775
73.0115692615509
73.42297005653381
73.8337516784668
74.26487684249878
74.6707775592804
75.05236864089966
75.49796390533447
75.87114572525024
76.26610589027405
76.66250920295715
77.0634834766388
77.47413277626038
77.88008093833923
78.38709115982056
78.7341661453247
79.1912260055542
79.60741662979126
80.05329847335815
80.50295639038086
80.97153997421265
81.36016154289246
81.84954643249512
82.26832818984985
82.70383358001709
83.13782668113708
83.56132221221924
84.05097818374634
84.52952861785889
84.95627570152283
85.3945803642273
85.82331156730652
86.18357610702515
86.61048817634583
87.02516341209412
87.4963150024414
87.88937163352966
88.36337423324585
88.80540251731873
89.22712588310242
89.66437888145447
90.3158814907074
91.1621503829956
91.45654678344727
91.89503741264343
92.32504916191101
92.80589127540588
93.31798124313354
93.86769223213196
94.24558067321777
94.67985105514526
95.16780495643616
95.60644221305847
96.00377321243286
96.45343947410583
96.87197184562683
97.23116040229797
97.70333290100098
98.1241934299469
98.53680872917175
99.0478253364563
99.50564384460449
99.95503234863281
100.39477920532227
100.81266164779663
101.28673338890076
101.69761657714844
102.13383555412292
102.5634937286377
102.97887468338013
103.4471504688263
103.88735604286194
104.34018349647522
104.81972336769104
105.2916419506073
105.9786536693573
106.31054306030273
106.71102523803711
107.16345548629761
107.6045515537262
108.043954372406
108.45867967605591
108.90932011604309
109.3230848312378
109.73119902610779
110.18932485580444
110.60451054573059
111.00048017501831
111.41607809066772
111.83457636833191
112.23301339149475
112.61628556251526
113.03652143478394
113.44960808753967
113.8512179851532
114.29538559913635
114.73137617111206
115.1484739780426
115.60768532752991
116.09882140159607
116.4854028224945
116.90529251098633
118.11764669418335
118.37639737129211
118.69102025032043
119.08555030822754
119.48415923118591
119.87692284584045
120.3032796382904
120.63923597335815
121.02337718009949
121.48503351211548
121.91346216201782
122.37255501747131
122.84341311454773
123.28164839744568
123.72324848175049
124.14418625831604
124.54621648788452
124.95906519889832
125.38106799125671
125.81910967826843
126.47031784057617
126.85990357398987
127.24036121368408
127.66330122947693
128.04155921936035
128.43926000595093
128.94601225852966
129.3343768119812
129.7463138103485
130.176575422287
130.6368432044983
131.1231939792633
131.58883500099182
132.07884311676025
132.4620144367218
132.9074046611786
133.31558775901794
133.92770266532898
134.25993990898132
134.77013230323792
135.22277331352234
135.7104799747467
136.1555233001709
136.57457327842712
136.96900534629822
137.36324334144592
137.80094027519226
138.23897004127502
138.6606788635254
139.0516631603241
139.4458043575287
139.86862754821777
140.3207244873047
140.82269978523254
141.20864343643188
141.63403272628784
142.1132354736328
142.61361122131348
142.95973539352417
143.4759442806244
143.92846703529358
144.78869462013245
145.72821021080017
146.11489748954773
146.51129174232483
146.91590213775635
147.2995731830597
147.70514583587646
148.13426733016968
148.5915756225586
149.0128996372223
149.4558572769165
149.8469409942627
150.24254488945007
150.69169211387634
151.1229112148285
151.5576047897339
152.0774791240692
152.53812408447266
152.97752261161804
153.3800983428955
153.83738470077515
154.231183052063
154.65102672576904
155.10416054725647
155.5571391582489
155.9326982498169
156.36256384849548
156.79533529281616
157.21808409690857
157.6565601825714
158.1187345981598
158.599445104599
159.0089032649994
159.4713933467865
159.94875836372375
160.31176090240479
160.75199604034424
161.17968463897705
161.66832947731018
162.08226323127747
162.522469997406
163.04315829277039
163.63626146316528
164.13689708709717
164.58754205703735
164.97197914123535
165.43594193458557
165.90679121017456
166.37302350997925
166.73831462860107
167.1669797897339
167.6066610813141
167.98587155342102
168.45141911506653
168.92431950569153
169.3621997833252
169.85520434379578
170.3148558139801
170.80877900123596
171.41844654083252
171.91227960586548
172.40251207351685
172.8759150505066
173.34008193016052
173.81400203704834
174.2542290687561
174.69610953330994
175.13463401794434
175.48709511756897
175.88994145393372
176.308931350708
176.72317934036255
177.13859009742737
177.5394377708435
177.9497573375702
178.35838294029236
178.73339247703552
179.19221687316895
179.59494972229004
180.03385424613953
180.4522840976715
180.92935585975647
181.42489004135132
181.91102695465088
182.34406995773315
182.85063195228577
183.32021689414978
183.77739644050598
184.23215794563293
184.61445927619934
185.02386045455933
185.46348476409912
185.87981295585632
186.5005133152008
186.8301396369934
187.21945548057556
187.58440589904785
188.02879762649536
188.49862933158875
188.95830702781677
189.36708426475525
189.74045848846436
190.13820266723633
190.58348321914673
191.06428861618042
191.49522972106934
191.93892168998718
192.37033915519714
192.82383728027344
193.28711605072021
193.73826360702515
194.14125847816467
194.57935571670532
195.03741812705994
195.53263640403748
195.98047542572021
196.5567729473114
197.01531314849854
197.47290539741516
197.9057183265686
198.27021169662476
198.66588234901428
199.12124109268188
199.58145952224731
200.03284645080566
200.6050581932068
201.00430345535278
201.41610455513
201.85655093193054
202.3174557685852
202.8236005306244
203.30756902694702
203.75234055519104
204.2041893005371
204.7075068950653
205.16333484649658
205.56864881515503
205.94660663604736
206.36028575897217
206.74412488937378
207.1757025718689
207.56409907341003
207.9320740699768
208.34152913093567
208.886656999588
209.33455085754395
209.79277348518372
210.16044926643372
210.54669451713562
211.04742860794067
211.43993544578552
211.94810366630554
212.36507439613342
212.76800107955933
213.16408562660217
213.60618710517883
214.1737563610077
214.65955591201782
215.25935912132263
215.64926385879517
216.04925298690796
216.44926118850708
216.8403685092926
217.16282272338867
217.6384618282318
218.16237449645996
218.65774416923523
219.13518476486206
219.58638525009155
220.03572964668274
220.42989373207092
220.9042181968689
221.43115758895874
222.04596734046936
222.76290845870972
223.23837685585022
224.51569986343384
226.78690385818481
230.3436315059662
231.51866054534912
234.01324033737183
237.09006261825562
239.0667417049408
240.71698093414307
243.27667117118835
247.63779854774475
251.33048677444458
253.70038557052612
254.74296045303345
256.43723249435425
258.36164116859436
259.64751076698303
261.67951011657715
263.5629847049713
266.04233384132385
268.5345447063446
270.7782506942749
272.6439800262451
274.6342616081238
276.0522117614746
276.70992159843445
277.47010827064514
277.8328523635864
278.58929204940796
279.30372405052185
279.80030035972595
280.49589109420776
280.82610154151917
281.1610531806946
281.3393232822418
281.51333808898926
281.66342282295227
281.8317439556122
282.0018877983093
282.190922498703
282.3592391014099
282.54433012008667
282.6946828365326
282.8685894012451
283.0295422077179
283.22724652290344
283.39673352241516
283.5668535232544
283.7314522266388
283.9033544063568
284.2155396938324
284.39781069755554
284.5599207878113
284.75074791908264
284.90167450904846
285.070841550827
285.27300786972046
