27.846625804901123
28.57923173904419
29.16895031929016
29.813853979110718
30.433621406555176
31.037247896194458
31.616875410079956
32.24309730529785
32.86392116546631
33.49168133735657
34.102853536605835
34.642879247665405
35.3040771484375
35.944080114364624
36.52333950996399
37.14339280128479
37.842689514160156
38.52346229553223
39.14113140106201
39.75090956687927
40.43142533302307
41.132142305374146
41.74028158187866
42.35471749305725
42.93453812599182
43.54581117630005
44.296913385391235
44.94442629814148
45.601243019104004
46.326297760009766
46.9823043346405
47.59250617027283
48.2453179359436
48.89416241645813
49.67823266983032
50.27910566329956
50.957144021987915
51.53551411628723
52.14172434806824
52.78944540023804
53.35375952720642
53.98229694366455
54.49699020385742
55.19995927810669
55.7948157787323
56.530478954315186
57.15617370605469
57.802663803100586
58.42544937133789
58.962783098220825
59.55279541015625
60.21274495124817
60.82538437843323
61.49886131286621
62.09905219078064
62.736915826797485
63.24716019630432
63.78636121749878
64.4064302444458
65.01773309707642
65.68566274642944
66.32943105697632
66.95451807975769
67.52736854553223
68.12843465805054
68.76269793510437
69.37339305877686
69.92987203598022
70.52706623077393
71.1385452747345
71.79484057426453
72.38032841682434
72.94108366966248
73.48755383491516
74.04835772514343
74.64706373214722
75.28275179862976
75.93311500549316
76.47406244277954
77.06008219718933
77.61856245994568
78.20808696746826
78.79018807411194
79.42569255828857
79.99784898757935
80.59339499473572
81.17863512039185
81.75349521636963
82.39135122299194
82.96472549438477
83.59953212738037
84.16185522079468
84.78788566589355
85.31501340866089
85.95066404342651
86.66527581214905
87.1983494758606
87.77296876907349
88.28084301948547
88.99223685264587
89.54917168617249
90.10359334945679
90.62111902236938
91.17724657058716
91.73525023460388
92.23202109336853
92.83132648468018
93.39528179168701
93.90983653068542
94.56358313560486
95.12258172035217
95.72483587265015
96.32067942619324
96.88452410697937
97.5377368927002
98.13471484184265
98.70626592636108
99.35425758361816
99.97879338264465
100.65599155426025
101.26573252677917
101.93002104759216
102.54099369049072
103.17447233200073
103.74889421463013
104.36967921257019
105.06094932556152
105.7191710472107
106.31492352485657
106.91871476173401
107.50039029121399
108.17625999450684
108.82782554626465
109.42083477973938
110.062664270401
110.505535364151
111.12107801437378
111.6557457447052
112.20423436164856
112.72523474693298
113.27407121658325
113.83140897750854
114.46934056282043
115.04541683197021
115.6898684501648
116.28292179107666
116.91210985183716
117.53921937942505
118.1749358177185
118.75965595245361
119.33641648292542
119.95435166358948
120.49845457077026
121.06348085403442
121.71138048171997
122.36422944068909
122.91105008125305
123.48601984977722
124.05685710906982
124.69749712944031
125.31207537651062
125.9144835472107
126.48349094390869
127.1354968547821
127.89273118972778
128.46780157089233
129.1896185874939
129.7466344833374
130.27288627624512
130.83442306518555
131.40207934379578
132.00106549263
132.56422448158264
133.188294172287
133.7477126121521
134.32084798812866
134.9200577735901
135.4484577178955
136.01514959335327
136.55111455917358
137.15004920959473
137.72164249420166
138.29247093200684
138.91033673286438
139.4911868572235
140.0557792186737
140.59913969039917
141.20555710792542
141.80179023742676
142.35495400428772
142.8735475540161
143.54798078536987
144.16178798675537
144.7638008594513
145.42073225975037
145.9854769706726
146.99616932868958
147.53873944282532
148.28466320037842
148.87419056892395
149.48603200912476
150.09626722335815
150.74487447738647
151.35112977027893
151.94475722312927
152.53926134109497
153.18163323402405
153.81933641433716
154.39616465568542
155.06522512435913
155.69394493103027
156.2878279685974
156.81748723983765
157.40819144248962
158.14738774299622
158.80408334732056
159.45565748214722
160.042236328125
160.6775803565979
161.2441086769104
161.76755595207214
162.39557003974915
163.09592151641846
163.6888234615326
164.27593684196472
164.9466826915741
165.62339043617249
166.25892853736877
166.86603236198425
167.4973487854004
168.1187505722046
168.7621612548828
169.3956983089447
169.99407505989075
170.56436586380005
171.11311388015747
171.70689010620117
172.3054301738739
172.9355001449585
173.56286025047302
174.17224740982056
174.79230260849
175.36261296272278
175.97516536712646
176.50755262374878
177.1687877178192
177.80238008499146
178.42561411857605
179.03258657455444
179.68015003204346
180.20090460777283
180.80356621742249
181.49308013916016
182.11203837394714
182.69911551475525
183.23967957496643
183.81309342384338
184.39058685302734
185.01638889312744
185.58748579025269
186.2129466533661
186.8051564693451
187.34219765663147
187.88495564460754
188.4289002418518
188.9651119709015
189.55407691001892
190.21834135055542
190.86682224273682
191.49844431877136
192.23414945602417
192.7796187400818
193.3549840450287
193.95512628555298
194.52026653289795
195.0625696182251
195.71622347831726
196.30198693275452
196.87722897529602
197.4890055656433
198.08342337608337
198.69179940223694
199.32225108146667
200.013441324234
200.64855480194092
201.24105429649353
201.83489108085632
202.41807079315186
202.9758381843567
203.6353738307953
204.34874629974365
204.9347059726715
205.65509843826294
206.1317000389099
206.96507501602173
207.562415599823
208.21820759773254
208.83792328834534
209.52070116996765
210.1803915500641
210.78980374336243
211.40349054336548
212.02956295013428
212.5350034236908
213.1597981452942
213.75546145439148
214.38907194137573
214.98770189285278
215.85497379302979
216.36514949798584
216.8947777748108
217.5010268688202
217.980046749115
218.48101091384888
219.01179671287537
219.551691532135
220.0573365688324
220.62011814117432
221.17264914512634
221.7736783027649
222.3674304485321
222.96676921844482
223.5675048828125
224.22218251228333
224.8089611530304
225.35870718955994
225.93105840682983
226.48985600471497
227.0554656982422
227.61524629592896
228.24431109428406
228.8304431438446
229.48066091537476
230.16047883033752
230.70789003372192
231.27357745170593
231.75112104415894
232.2672905921936
232.81168460845947
233.33800840377808
233.98050475120544
234.57226085662842
235.166401386261
235.73895144462585
236.26145243644714
236.8431360721588
237.4109697341919
237.97992873191833
238.51217246055603
239.09404277801514
239.76261806488037
240.29139137268066
240.9366340637207
241.55889534950256
242.14857172966003
242.74954915046692
243.41539120674133
244.03073024749756
244.6135971546173
245.21783876419067
245.8045198917389
246.44034075737
247.07024002075195
247.67066144943237
248.29885339736938
248.8349962234497
249.4034812450409
249.95117092132568
250.5878882408142
251.16521763801575
251.73428440093994
252.30223870277405
252.91855716705322
253.5391297340393
254.11334013938904
254.67131090164185
255.35792016983032
255.92878556251526
256.6255443096161
257.33310437202454
258.0154187679291
258.7203731536865
259.3777506351471
260.0179135799408
260.6634941101074
261.2445328235626
261.79706740379333
262.4001364707947
263.10805559158325
263.7874183654785
264.40969014167786
265.0633063316345
265.66589403152466
266.2456102371216
266.87355756759644
267.98380732536316
269.1955392360687
269.8779537677765
270.5574355125427
271.12422919273376
271.81814074516296
272.38013648986816
273.0015654563904
273.67849826812744
274.4435017108917
275.0462737083435
275.66783452033997
276.3084144592285
277.06727480888367
277.73147559165955
278.3079869747162
278.9290826320648
279.63627767562866
280.3664393424988
280.90071058273315
281.5451920032501
282.14537525177
282.70727133750916
283.2760672569275
283.8239653110504
284.45751190185547
285.1995425224304
285.87486815452576
286.56513261795044
287.1190755367279
287.67275285720825
288.3426420688629
288.9713485240936
289.50323486328125
290.16446709632874
290.8037483692169
291.48439383506775
292.13227939605713
292.7500247955322
293.3470678329468
294.0439729690552
294.7292830944061
295.4432978630066
296.1611433029175
296.8480062484741
297.3609127998352
297.95254921913147
298.51703333854675
299.11011266708374
299.67812061309814
300.2538378238678
300.85006761550903
301.449583530426
302.1005952358246
302.69824051856995
303.3032720088959
303.95454239845276
304.5477559566498
305.1755771636963
305.65126514434814
306.2644693851471
306.9028127193451
307.5735695362091
308.2286388874054
308.7941825389862
309.3544325828552
309.9633710384369
310.59042406082153
311.1244087219238
311.6834874153137
312.32793283462524
312.96253275871277
313.5326659679413
314.181391954422
314.7875211238861
315.38700342178345
315.9609076976776
316.5591049194336
317.27581310272217
317.86035990715027
318.4671766757965
319.06174492836
319.63186049461365
320.29513216018677
320.86034965515137
321.4367051124573
322.02899980545044
322.62720012664795
323.1476774215698
323.73772621154785
324.3838675022125
325.0269618034363
325.62438917160034
326.3153007030487
326.90436720848083
327.5522711277008
328.17530250549316
328.79435777664185
329.4850866794586
330.0954313278198
330.7721288204193
331.40828680992126
332.04318046569824
332.67025804519653
333.2985186576843
334.00567722320557
334.5754110813141
335.2081546783447
335.83502411842346
336.4223029613495
336.99728894233704
337.59741020202637
338.18932247161865
338.7923758029938
339.46006989479065
340.1491189002991
340.6981375217438
341.40248823165894
342.0638692378998
342.71468019485474
343.3471169471741
343.9461646080017
344.5736515522003
345.2875597476959
345.99853134155273
346.6256272792816
347.26728081703186
347.8917307853699
348.531418800354
349.1765947341919
349.78077936172485
350.4094157218933
351.1039969921112
351.76380801200867
352.3333079814911
352.9944200515747
353.57015562057495
354.2228207588196
354.81510400772095
355.37154245376587
355.9596700668335
356.5493869781494
357.25361824035645
357.8871212005615
358.48602533340454
359.145126581192
359.77069187164307
360.296915769577
360.9747326374054
361.59673285484314
362.26431250572205
362.85935950279236
363.41010904312134
364.0273087024689
364.5899131298065
365.2287435531616
365.7404751777649
366.3135905265808
366.8796339035034
367.42760729789734
368.0276999473572
368.61310029029846
369.151362657547
369.70257449150085
370.29214453697205
370.88881158828735
371.5292618274689
372.135954618454
372.70230770111084
373.3596534729004
373.98681807518005
374.58301424980164
375.1471014022827
375.77717566490173
376.4207606315613
377.0404198169708
377.7049903869629
378.26043820381165
378.8674545288086
379.4394338130951
380.0562393665314
380.6298747062683
381.1522099971771
381.72961020469666
382.3662362098694
383.0177764892578
383.6476788520813
384.22580671310425
384.79034948349
385.4192388057709
386.06602001190186
386.9171965122223
387.39102482795715
388.04995918273926
388.6094346046448
389.2845265865326
389.9721920490265
390.6322109699249
391.1884021759033
391.8142759799957
392.37704396247864
393.00144362449646
393.60324263572693
394.1354103088379
394.71663904190063
395.3591101169586
395.96946573257446
396.54362630844116
397.13906359672546
397.7984435558319
398.3927366733551
399.00587487220764
399.56354308128357
400.01632285118103
400.66178250312805
401.32644176483154
401.92039251327515
402.5641894340515
403.23559761047363
403.74726366996765
404.38510370254517
405.12761640548706
405.7949163913727
406.46342492103577
407.03603410720825
407.7117416858673
408.29290652275085
408.93222308158875
409.5641119480133
410.28998041152954
410.9153220653534
411.5677719116211
412.14493799209595
412.75279664993286
413.304899930954
413.839031457901
414.3598220348358
414.90962076187134
415.43491554260254
416.04310274124146
416.6022148132324
417.20659852027893
417.78372859954834
418.4494197368622
419.0244252681732
419.78271317481995
420.44746589660645
421.1278147697449
421.70694160461426
422.31545424461365
422.839191198349
423.4096791744232
424.1025583744049
424.6928491592407
425.2603168487549
425.89193654060364
426.615864276886
427.16940689086914
427.80746936798096
428.41924118995667
428.9841613769531
429.5280587673187
430.264200925827
430.8230969905853
431.42238664627075
432.1174306869507
432.68402338027954
433.2426640987396
433.87021112442017
434.56487464904785
435.2140488624573
435.8611159324646
436.5439524650574
437.2094900608063
437.845534324646
438.50099086761475
439.1037049293518
439.7681350708008
440.4322407245636
440.9918394088745
441.6083252429962
442.18239402770996
442.7877268791199
443.3708083629608
443.95163464546204
444.555198431015
445.1812434196472
445.85744738578796
446.41976833343506
447.2452299594879
447.8338530063629
448.43309903144836
449.0256061553955
449.572402715683
450.15757179260254
450.75215339660645
451.3323187828064
451.97153067588806
452.5552067756653
453.15557861328125
453.8169515132904
454.4013216495514
455.0235540866852
455.6464307308197
456.18004298210144
456.7428922653198
457.2984194755554
457.87188816070557
458.48782300949097
459.0592107772827
459.6555345058441
460.23830795288086
460.8079159259796
461.35766768455505
461.9388909339905
462.6211402416229
463.3075351715088
463.8785562515259
464.4591462612152
465.15589427948
465.74674916267395
466.3684322834015
466.95832777023315
467.5371446609497
468.1345238685608
468.7879590988159
469.3631057739258
470.02286291122437
470.54351592063904
471.1998190879822
471.7716796398163
472.41048431396484
473.15531849861145
473.9035429954529
474.52140617370605
475.109516620636
475.7558505535126
476.4674286842346
477.05538415908813
477.62865114212036
478.17116141319275
478.72090768814087
479.3599588871002
479.9180188179016
480.4237952232361
480.9303104877472
481.493545293808
482.0781135559082
482.58385014533997
483.16743183135986
483.79728960990906
484.3981075286865
484.9283769130707
485.4580307006836
485.9621949195862
486.5222489833832
487.09116888046265
487.6539423465729
488.21195125579834
488.75939679145813
489.4285795688629
490.11067152023315
490.68685507774353
491.2254240512848
491.8145558834076
492.37557911872864
492.9932768344879
493.56910824775696
494.13594007492065
494.7339355945587
495.42269015312195
495.994473695755
496.66828536987305
497.29975605010986
497.9955291748047
498.63042736053467
499.2100319862366
499.88450717926025
500.5616602897644
501.16104912757874
501.771760225296
502.36419916152954
502.9465410709381
503.56695461273193
504.1360716819763
504.7550165653229
505.3521981239319
505.9340214729309
506.78785133361816
507.2556064128876
507.9244487285614
508.5994038581848
509.32563996315
509.93882274627686
510.5544126033783
511.18760228157043
511.9209837913513
512.5868964195251
513.141382932663
513.788524389267
514.4696018695831
515.1215915679932
515.7388019561768
516.3294520378113
516.9439890384674
517.6387016773224
518.325297832489
518.9553828239441
519.5671226978302
520.2070033550262
520.7590696811676
521.4101316928864
522.0464773178101
522.6742949485779
523.2945356369019
524.040807723999
524.6888794898987
525.3241717815399
525.9898147583008
526.680999994278
527.3613379001617
527.937774181366
528.5899550914764
529.2508411407471
529.8647706508636
530.4228365421295
530.9043531417847
531.7026515007019
532.4169933795929
533.1079280376434
533.824271440506
534.5648078918457
535.1958541870117
535.9698586463928
536.6150362491608
537.3349595069885
538.0962781906128
538.7154207229614
