29.546045541763306
29.848636627197266
30.198610544204712
30.573426723480225
30.843976974487305
31.121989488601685
32.04048275947571
32.32827401161194
32.61275768280029
32.871803283691406
33.1443612575531
33.39329385757446
33.65742206573486
33.93916463851929
34.1735155582428
34.41324543952942
34.644192934036255
34.882235527038574
35.07842779159546
35.322290897369385
35.548750162124634
35.75049877166748
35.96045112609863
36.19387197494507
36.498894691467285
36.709004402160645
36.9198112487793
37.118183851242065
37.3526394367218
37.62194466590881
37.863088846206665
38.11315560340881
38.35703372955322
38.578601598739624
38.86940860748291
39.080427408218384
39.333454847335815
39.52353000640869
39.69070267677307
39.856147050857544
40.02858352661133
40.30250000953674
40.573256731033325
40.8177592754364
41.10833024978638
41.368417739868164
41.60842227935791
41.913569688797
42.19304275512695
42.464709520339966
42.802490234375
43.06192374229431
43.385233640670776
43.674487829208374
43.9126672744751
44.09392952919006
44.279001235961914
44.480982542037964
44.73471546173096
44.95629167556763
45.22432565689087
45.406721353530884
45.67177486419678
45.956732988357544
46.24120593070984
46.52765464782715
46.77313470840454
47.00663733482361
47.25421595573425
47.46718978881836
47.749627113342285
48.01100969314575
48.295654296875
48.58108043670654
48.87675333023071
49.124595403671265
49.40271329879761
49.672465562820435
49.93177580833435
50.22421360015869
50.52248406410217
50.78904485702515
51.050748109817505
51.33787202835083
51.61044096946716
51.917845726013184
52.190617084503174
52.475953578948975
52.7559609413147
53.030200242996216
53.29248833656311
53.57647514343262
53.84197735786438
54.10160231590271
54.40224289894104
54.7008752822876
54.95520234107971
55.24010252952576
55.53025197982788
55.796335220336914
56.09204339981079
56.38835954666138
56.684850215911865
56.969947814941406
57.30330014228821
57.601008892059326
57.92447376251221
58.21729135513306
58.49331521987915
58.75516963005066
58.97329616546631
59.19427466392517
59.40504455566406
59.68919134140015
59.95979189872742
60.216476917266846
60.48552322387695
60.74154496192932
61.031946897506714
61.30233097076416
61.56129288673401
61.828511476516724
62.06472206115723
62.320897579193115
62.579509973526
62.83142018318176
63.11358094215393
63.38674569129944
63.671778440475464
63.93943691253662
64.2877414226532
64.59370636940002
64.88349437713623
65.14464211463928
65.44953632354736
65.71615552902222
66.00100469589233
66.280686378479
66.56222820281982
66.83314156532288
67.11005163192749
67.38483619689941
67.65982580184937
67.95455312728882
68.24897193908691
68.50926899909973
68.76783442497253
69.07839894294739
69.30125880241394
69.55314993858337
69.80554461479187
70.07277584075928
70.25972819328308
70.4412853717804
70.62285590171814
70.80404424667358
70.99179553985596
71.2123441696167
71.430748462677
71.65501475334167
71.86109375953674
72.08541178703308
72.36122250556946
72.6492862701416
72.91350412368774
73.17859411239624
73.41832995414734
73.69719958305359
73.92376446723938
74.15810203552246
74.39350962638855
74.63933444023132
74.8854546546936
75.1322271823883
75.57254433631897
75.85491132736206
76.11283326148987
76.3716676235199
76.62888836860657
76.86752486228943
77.12023615837097
77.4474687576294
77.7274398803711
78.00426030158997
78.26715064048767
78.55037641525269
78.82553815841675
79.209317445755
79.48065400123596
79.74537324905396
80.02915501594543
80.31115293502808
80.56910634040833
80.81229281425476
80.99295449256897
81.16775894165039
81.31945276260376
81.48056387901306
81.67653322219849
81.92143511772156
82.19292449951172
82.48379755020142
82.80835223197937
83.15416622161865
83.48423552513123
83.82076287269592
84.12747168540955
84.43268322944641
84.70299291610718
84.9846134185791
85.27466583251953
85.54786610603333
85.86071515083313
86.11055326461792
86.39197134971619
86.65488266944885
86.98142051696777
87.20344662666321
87.39259028434753
87.58389687538147
87.80453157424927
88.05186414718628
88.29021668434143
88.52871298789978
88.74045991897583
88.9556474685669
89.21998476982117
89.46693801879883
89.78513169288635
90.05186533927917
90.34507632255554
90.57545757293701
90.83274126052856
91.08043432235718
91.30638861656189
91.63723111152649
91.923259973526
92.2110903263092
92.45814990997314
92.72148609161377
92.98890328407288
93.22403407096863
93.41497707366943
93.62934803962708
93.8993022441864
94.2985827922821
94.5010027885437
94.83505320549011
95.65873694419861
95.92612624168396
96.15598654747009
96.4005491733551
96.74088025093079
97.00972962379456
97.29214882850647
97.59077882766724
97.88390445709229
98.2788815498352
98.58590960502625
98.86902523040771
99.13838171958923
99.42091107368469
99.70683455467224
99.9985580444336
100.29087948799133
100.60394477844238
100.94532918930054
101.25716710090637
101.542067527771
101.81503081321716
102.09416794776917
102.34702730178833
102.63180470466614
102.92292261123657
103.17978763580322
103.47356748580933
103.75736021995544
103.9952039718628
104.21737265586853
104.45414900779724
104.67565488815308
104.98177766799927
105.2180564403534
105.49131059646606
105.75483655929565
106.0605697631836
106.34761333465576
106.63449144363403
106.87232756614685
107.1395936012268
107.3831901550293
107.6417248249054
107.92604970932007
108.1929280757904
108.48819518089294
108.75579023361206
109.0354552268982
109.29259157180786
109.51463103294373
109.77244782447815
109.98664832115173
110.21981239318848
110.45213103294373
110.67748737335205
110.90954375267029
111.1352641582489
111.37525033950806
111.65151309967041
112.08491802215576
112.34186577796936
112.53860545158386
112.74642705917358
113.00617909431458
113.29282116889954
113.63419818878174
113.93494987487793
114.2509081363678
114.55704092979431
114.82823204994202
115.10577893257141
115.38536787033081
115.68414783477783
116.01234889030457
116.32441258430481
116.4808304309845
116.75503468513489
116.98805236816406
117.28860354423523
117.52615594863892
117.79797530174255
118.06846284866333
118.29377555847168
118.54753422737122
118.82877898216248
119.07254815101624
119.41109824180603
119.71897292137146
119.97625684738159
120.29027032852173
120.54546999931335
120.81445264816284
120.98957848548889
121.16533207893372
121.3424174785614
121.53718590736389
121.735506772995
121.87784051895142
122.03449082374573
122.16682958602905
122.34159278869629
122.5972490310669
122.84539079666138
123.10528039932251
123.3733446598053
123.64301300048828
123.9134681224823
124.17436623573303
124.4260892868042
124.70473098754883
125.00748443603516
125.3126232624054
125.6306505203247
125.90551400184631
126.16703128814697
126.70807385444641
126.98506665229797
127.28851461410522
127.5743420124054
127.83923316001892
128.16584372520447
128.5111961364746
128.81148099899292
129.1399848461151
129.4492108821869
129.74040126800537
130.04857969284058
130.35482001304626
130.66360330581665
130.9571509361267
131.25683903694153
132.4138457775116
132.68528962135315
133.00556135177612
133.28683710098267
133.64564394950867
133.95811581611633
134.17790627479553
134.52570748329163
134.81241369247437
135.08895611763
135.4427411556244
135.7346544265747
136.05746984481812
136.3697714805603
136.67416048049927
136.97450947761536
137.22444415092468
137.46167278289795
137.69591760635376
137.9289276599884
138.1653184890747
138.39700889587402
138.64321899414062
138.92214107513428
139.26068902015686
139.5553753376007
139.86577653884888
140.10528755187988
140.3242847919464
140.5559859275818
140.84186792373657
141.07378673553467
141.2854425907135
141.47272086143494
141.64971089363098
141.8789622783661
142.1245241165161
142.30962896347046
142.4811704158783
142.67040014266968
142.86358284950256
143.06035041809082
143.25677132606506
143.4514298439026
143.63278317451477
143.82262706756592
144.0060703754425
144.19843125343323
144.4807801246643
144.75551080703735
144.9862720966339
145.20473504066467
145.4223997592926
145.6192364692688
145.81782150268555
146.03147959709167
146.11419439315796
146.2143943309784
146.30619406700134
146.64991092681885
146.96099472045898
147.25606966018677
147.5616261959076
147.85200357437134
148.1276240348816
148.3978443145752
148.7025077342987
148.99918794631958
149.28834176063538
149.60377430915833
149.91510224342346
150.27867722511292
150.57575345039368
150.88552355766296
151.247567653656
151.64406847953796
151.9432225227356