26.999900102615356
27.469304084777832
27.843165636062622
28.12966561317444
28.45835041999817
28.7636981010437
29.072630167007446
29.306798934936523
29.606775999069214
29.87149477005005
30.12258768081665
30.361040115356445
30.607928037643433
30.84178328514099
31.0724139213562
31.447011709213257
31.650965452194214
31.912734985351562
32.155505418777466
32.37785744667053
32.55647277832031
32.695756673812866
32.849204301834106
33.03238034248352
33.1758759021759
33.31977605819702
33.47260546684265
33.60328507423401
33.75424098968506
33.88929009437561
34.10827684402466
34.450520277023315
34.68884253501892
34.89336562156677
35.17420983314514
35.41629958152771
35.68399786949158
35.96425914764404
36.23953318595886
36.505377531051636
36.80061149597168
37.03428626060486
37.31784915924072
37.74263596534729
37.99937653541565
38.50655770301819
38.79772686958313
39.12084674835205
39.39321708679199
39.70683717727661
39.98903751373291
40.26703429222107
40.54416537284851
40.86079931259155
41.1799898147583
41.50148344039917
41.79455304145813
42.106343507766724
42.40550637245178
42.659968852996826
42.95136308670044
43.276153564453125
43.623594522476196
43.88744497299194
44.17456579208374
44.46679472923279
44.73587942123413
45.00887417793274
45.28856897354126
45.54859209060669
45.86127328872681
46.11347484588623
46.37873864173889
46.702858209609985
46.93989324569702
47.14185571670532
47.45916485786438
47.693795919418335
47.91671061515808
48.184828996658325
48.46789598464966
48.758012533187866
48.994871616363525
49.22309899330139
49.50334906578064
49.81062388420105
50.09522104263306
50.38581466674805
50.684329986572266
50.95748949050903
51.240792989730835
51.5376193523407
51.847294092178345
52.18108916282654
52.50522255897522
52.86360287666321
53.1290979385376
53.43512511253357
53.73023223876953
54.02570295333862
54.28105902671814
54.4913170337677
54.73836970329285
54.995840311050415
55.23198223114014
55.48249793052673
55.79223442077637
55.998039960861206
56.226906538009644
56.46521806716919
56.691641330718994
57.03503894805908
57.28813195228577
57.863990783691406
58.20276737213135
58.51967692375183
58.878658056259155
59.26965069770813
59.56715750694275
59.96137189865112
60.24539113044739
60.53960371017456
60.85133242607117
61.13901400566101
61.42546629905701
61.720263957977295
61.96307945251465
62.17911243438721
62.4455041885376
62.67825102806091
62.887635469436646
63.065308570861816
63.30838942527771
63.56479573249817
63.800102949142456
64.00826120376587
64.2549524307251
64.46185946464539
64.68312692642212
64.91928362846375
65.17581129074097
65.44697451591492
65.73949313163757
65.98498368263245
66.3731107711792
66.55228805541992
66.73115015029907
66.91538715362549
67.12623977661133
67.31284165382385
67.53824925422668
67.72451186180115
67.98299860954285
68.23489332199097
68.4938268661499
68.8860878944397
69.19211173057556
69.57635760307312
70.56434106826782
71.76148319244385
72.06551313400269
72.26955962181091
72.53738522529602
72.80234432220459
73.06923937797546
73.34599781036377
73.60418248176575
73.82207894325256
74.03149390220642
74.31555891036987
74.55955028533936
74.83853101730347
75.11172366142273
75.4119086265564
75.67815589904785
75.90141797065735
76.14317178726196
76.43627667427063
76.72593760490417
77.01226687431335
77.29240107536316
77.57554936408997
77.879629611969
78.36370539665222
78.55991554260254
78.74593544006348
78.94578218460083
79.13485646247864
79.35290598869324
79.58575582504272
79.82735633850098
80.07564902305603
80.36579751968384
80.69692730903625
80.97595739364624
81.26238203048706
81.52470898628235
81.8105034828186
82.084223985672
82.39326238632202
82.72319769859314
82.99971413612366
83.25350213050842
83.54740333557129
83.83279156684875
84.13182067871094
84.3691897392273
84.55760836601257
84.73101496696472
84.96979928016663
85.20001816749573
85.47714686393738
85.8076446056366
86.07633900642395
86.37483358383179
86.65596175193787
86.95400404930115
87.2302794456482
87.48362946510315
87.73052263259888
88.03570461273193
88.2986798286438
88.6106162071228
88.89607214927673
89.18420219421387
89.46045589447021
89.74752283096313
90.02980446815491
90.37545228004456
90.67969393730164
90.98298072814941
91.28548407554626
91.61877775192261
91.9278302192688
92.28672504425049
92.61072731018066
92.92100524902344
93.23033356666565
93.51750326156616
93.85530495643616
94.1287796497345
94.41726398468018
94.68683576583862
95.00171136856079
95.21833205223083
95.46790862083435
95.72360229492188
95.97904872894287
96.25787138938904
96.53214764595032
96.80185747146606
97.06835865974426
97.5445396900177
97.81347060203552
98.08463311195374
98.38271236419678
98.70285725593567
98.99444580078125
99.29449081420898
99.6020278930664
99.94447708129883
100.26202821731567
100.67885375022888
100.98408675193787
101.286696434021
101.53979349136353
101.73700213432312
101.97716760635376
102.17056202888489
102.36672019958496
102.82461738586426
103.11446785926819
103.47468709945679
103.78979516029358
104.08406639099121
104.41431260108948
104.72889757156372
105.17459106445312
105.44662261009216
105.69865894317627
105.95078873634338
106.25957107543945
106.58609056472778
106.98751378059387
107.26295471191406
107.65304851531982
107.92226982116699
108.21167349815369
108.55595993995667
108.96158528327942
109.37212657928467
109.70172667503357
110.05940580368042
110.4065899848938
110.7624237537384
111.04982733726501
111.39674735069275
111.77917146682739
112.15410137176514
112.59097981452942
112.91903567314148
113.52560520172119
113.85442352294922
114.13042998313904
114.50609517097473
114.79236102104187
115.15558958053589
115.46990847587585
115.77855849266052
116.07094740867615
116.43328166007996
116.7433853149414
117.02901077270508
117.31136322021484
117.90194511413574
118.2050929069519
118.53665208816528
118.85199213027954
119.20254492759705
119.54617547988892
119.91595602035522
120.19825720787048
120.52682256698608
121.23471808433533
121.49091815948486
121.79219317436218
122.06099915504456
122.30056762695312
122.55675649642944
122.79021644592285
123.06354117393494
123.31652569770813
123.55456686019897
123.82925868034363
124.13730502128601
124.42636251449585
124.69961142539978
124.94293189048767
125.14535713195801
125.3689751625061
125.54796981811523
125.74479055404663
125.93769192695618
126.18937158584595
126.51618456840515
126.8564224243164
127.09454417228699
127.41224026679993
127.68791222572327
128.06299448013306
128.36805725097656
128.6710114479065
128.9686803817749
129.25526785850525
129.52310490608215
129.8376281261444
130.09365057945251
130.3962390422821
130.6724910736084
130.99405598640442
131.3097541332245
131.66233015060425
131.9691298007965
132.26890897750854
132.59287095069885
132.86561584472656
133.13677191734314
133.40884733200073
133.67493438720703
133.97011303901672
134.29476070404053
134.64005327224731
134.95831751823425
135.28729796409607
135.9031093120575
136.13725805282593
136.41263628005981
136.72538018226624
137.0081651210785
137.28749895095825
137.57456922531128
137.81940817832947
138.1048743724823
138.3822340965271
138.99042439460754
139.22881031036377
139.46812748908997
139.76353573799133
140.08661484718323
140.35431694984436
140.62745261192322
140.93523240089417
141.2516622543335
141.5568037033081
141.86130833625793
142.17181849479675
142.48045539855957
142.7483012676239
143.0287642478943
143.29970502853394
143.57944536209106
143.886394739151
144.1745045185089
144.47409677505493
144.77951526641846
145.0501298904419
145.33218908309937
145.59425806999207
145.85947799682617
146.13090300559998
146.4048409461975
146.67598485946655
146.93691563606262
147.2217197418213
147.5073642730713
147.77783036231995
148.06525921821594
148.38571858406067
148.6746015548706
148.94418382644653
149.21737360954285
149.52465176582336
149.9302875995636
150.2480664253235
150.53228878974915
150.82363867759705
151.0919907093048
151.41590309143066
151.69716835021973
151.99991822242737
152.29060912132263
152.57392358779907
152.8801839351654
153.19522905349731
153.49383282661438
153.79383659362793
154.07110214233398
154.35866713523865
154.65199279785156
154.91591429710388
155.24958086013794
155.5443470478058
155.85162615776062
156.14061522483826
156.41628217697144
156.69884157180786
156.9713785648346
157.2487404346466
157.5241780281067
157.81288957595825
158.08482718467712
158.35766887664795
158.63453221321106
158.90438795089722
159.18036437034607
159.4474503993988
159.721941947937
160.00119304656982
160.27883005142212
160.5631411075592
160.87359285354614
161.1364619731903
161.41318798065186
161.69490432739258
161.98511743545532
162.3224265575409
162.60164308547974
162.8987021446228
163.18582224845886
163.46454548835754
163.74627590179443
163.98762893676758
164.2187056541443
164.4664535522461
164.75261282920837
164.98129153251648
165.22583889961243
165.46385025978088
165.731192111969
165.9605188369751
166.1883053779602
166.48424172401428
166.76386046409607
166.97480964660645
167.19692945480347
167.40732288360596
167.63170552253723
167.8376386165619
168.06001091003418
168.3008749485016
168.58892107009888
168.8907437324524
169.18738532066345
169.46156215667725
169.74318552017212
170.02604913711548
170.35153603553772
170.61536645889282
170.87728238105774
171.14141488075256
171.4082911014557
171.67628645896912
171.9745635986328
172.25727248191833
172.552405834198
172.85027027130127
173.13628840446472
173.43030285835266
173.7178099155426
174.01466703414917
174.26421928405762
174.44259095191956
174.67616772651672
174.8887825012207
175.12118339538574
175.37313413619995
175.6455204486847
175.898455619812
176.16232466697693
