25.737545251846313
26.25697946548462
26.63840675354004
27.054529666900635
27.727680921554565
28.168811321258545
28.565452337265015
29.007221698760986
29.39879012107849
29.893057107925415
30.39527654647827
30.842724323272705
31.2521493434906
31.713361978530884
32.22783708572388
32.56759023666382
32.98757243156433
33.394328117370605
33.79202914237976
34.22160291671753
34.60791301727295
35.033477783203125
35.4652099609375
35.89450931549072
36.344727993011475
36.84196758270264
37.36067461967468
37.75818991661072
38.21917653083801
38.64222455024719
39.05442810058594
39.493342876434326
39.97613334655762
40.38109564781189
40.857914447784424
41.26628923416138
41.67116975784302
42.103623390197754
42.609888315200806
43.22742223739624
43.698867321014404
44.111963987350464
44.52755880355835
45.004560470581055
45.44432091712952
45.953505754470825
46.330748558044434
46.71473956108093
47.192842960357666
47.62853932380676
48.05803990364075
48.4705445766449
48.874858379364014
49.36216759681702
49.79338526725769
50.274768590927124
50.6783709526062
51.07601189613342
51.51763129234314
51.93559432029724
52.40837740898132
52.81877565383911
53.263795375823975
53.718998193740845
54.156505823135376
54.536959171295166
54.925962924957275
55.33493947982788
55.81982493400574
56.22692513465881
56.68616271018982
57.13381361961365
57.56116962432861
58.05209970474243
58.45614314079285
58.871275901794434
59.298853397369385
59.70938277244568
60.16281533241272
60.600990295410156
61.003523111343384
61.5146644115448
61.94973850250244
62.369492292404175
62.84098148345947
63.260175943374634
63.65176749229431
64.13296794891357
64.57609295845032
64.99495887756348
65.46631383895874
65.87971663475037
66.34805083274841
66.75887846946716
67.25464630126953
67.67179870605469
68.09689450263977
68.62924981117249
69.05401635169983
69.49005031585693
70.00076794624329
70.46847367286682
70.8994836807251
71.30449318885803
71.71258687973022
72.13532948493958
72.56642031669617
72.95902061462402
73.41546893119812
73.82574224472046
74.23051166534424
74.68369245529175
75.10950875282288
75.56238508224487
76.00348019599915
76.3758909702301
76.82672882080078
77.28602457046509
77.69027137756348
78.14514517784119
78.53752589225769
78.96084713935852
79.38537168502808
79.83217692375183
80.25703978538513
80.68238878250122
81.11442518234253
81.54724669456482
82.05823111534119
82.50050401687622
82.880286693573
83.33077430725098
83.66614007949829
84.05358266830444
84.53486919403076
84.95917892456055
85.40641498565674
85.86318516731262
86.27873826026917
86.68707418441772
87.1846091747284
87.54431962966919
88.02660489082336
88.50890517234802
88.92857241630554
89.41684770584106
90.08635783195496
90.43722343444824
90.8640239238739
91.23662209510803
91.65098237991333
92.08057904243469
92.50406622886658
93.10860323905945
93.61836385726929
94.0507390499115
94.51710653305054
94.99990439414978
95.46589946746826
95.89861392974854
96.32336688041687
96.72831320762634
97.16246318817139
97.70006394386292
98.170330286026
98.610924243927
99.00638628005981
99.43311476707458
99.76491165161133
100.16245627403259
100.57362794876099
100.98004269599915
101.37361335754395
101.84748530387878
102.29297351837158
102.72029614448547
103.16561198234558
103.60142827033997
104.0139729976654
104.46726250648499
104.87443590164185
105.21889734268188
105.60665273666382
106.03066635131836
106.3843891620636
106.82279896736145
107.2461097240448
107.65778374671936
108.12364721298218
108.55840516090393
108.98209476470947
109.47827243804932
109.87557697296143
110.33542084693909
110.76793098449707
111.1994514465332
111.634441614151
112.11056756973267
112.51005697250366
112.9485011100769
113.47412157058716
113.89513683319092
114.42818570137024
114.8607919216156
115.30412173271179
115.74956631660461
116.20452213287354
116.63050842285156
117.11334013938904
117.54842972755432
117.97870564460754
118.40686869621277
118.86296319961548
119.29236078262329
119.72542357444763
120.1742672920227
120.64953899383545
121.06617450714111
121.48921155929565
122.020352602005
122.4719774723053
122.94663143157959
123.37879610061646
123.81097722053528
124.2321572303772
124.68883919715881
125.13766145706177
125.51383209228516
125.95361042022705
126.40023922920227
126.80264401435852
127.19233012199402
127.59485793113708
127.95567750930786
128.27349972724915
128.6476948261261
129.12018704414368
129.50114011764526
129.95197248458862
130.4057173728943
130.84191989898682
131.43125414848328
132.03238558769226
132.54953908920288
133.1898775100708
133.5089886188507
133.969966173172
134.36382341384888
134.80823302268982
135.23000025749207
136.8259515762329
137.29939818382263
137.77386498451233
138.24101972579956
138.7303605079651
139.15163564682007
139.65479350090027
140.09988808631897
140.52179884910583
140.89539337158203
141.3677203655243
141.76377058029175
142.2179880142212
142.69118928909302
143.1321759223938
143.58716940879822
144.04577207565308
144.52380299568176
144.99146366119385
145.40671038627625
145.80686163902283
146.24791145324707
146.67835783958435
147.13033938407898
147.609375
148.07910776138306
148.51083636283875
148.9521198272705
149.32120776176453
149.71456456184387
150.21836733818054
150.62621188163757
151.09194159507751
151.5337209701538
151.99928331375122
152.47501420974731
152.96050930023193
153.4103856086731
153.86558485031128
154.49220037460327
154.9429750442505
155.4669668674469
155.91098499298096
156.34813499450684
156.7895941734314
157.22573232650757
157.6692190170288
158.08519792556763
158.51969575881958
158.9311408996582
159.39552760124207
159.85158324241638
160.28446435928345
160.6837637424469
161.14870071411133
161.5823848247528
162.03930592536926
162.47074365615845
162.88528037071228
163.26842880249023
163.73612427711487
164.1774706840515
164.62002396583557
165.17527794837952
165.63144540786743
166.05594682693481
166.53991746902466
166.94464325904846
167.38331985473633
167.81422400474548
168.24371886253357
168.63314962387085
169.00548887252808
169.44065690040588
169.91498112678528
170.32967829704285
170.81190037727356
171.21847224235535
171.68086075782776
172.14088129997253
172.57198929786682
173.02023077011108
173.43473649024963
173.8346688747406
174.92340874671936
175.24882912635803
175.5923945903778
176.08484745025635
176.50222444534302
176.91852807998657
177.37458515167236
177.79509019851685
178.21649503707886
178.69857811927795
179.14875984191895
179.54924654960632
179.99744033813477
180.4518461227417
180.8311529159546
181.2591302394867
181.74550080299377
182.12764620780945
182.64257144927979
183.15658330917358
183.60196208953857
184.0672047138214
184.55059099197388
185.00425720214844
185.48204469680786
185.97749710083008
186.38825964927673
186.81986331939697
187.18827891349792
187.55896258354187
187.94059872627258
188.2791748046875
188.70703840255737
189.13593196868896
189.58729434013367
189.97958874702454
190.35162901878357
190.75134754180908
191.16026139259338
191.59777522087097
192.0336503982544
192.512060880661
192.95044803619385
193.35615229606628
193.8164782524109
194.27712416648865
194.72070336341858
195.18015718460083
195.65719199180603
196.08049726486206
196.54757380485535
196.9851837158203
197.43645858764648
197.9731047153473
198.38954615592957
198.82003927230835
199.2487349510193
199.69200015068054
200.1468391418457
200.51547479629517
200.9319748878479
201.39025807380676
201.90353417396545
202.4526059627533
202.8676040172577
203.37226057052612
203.7984631061554
204.216468334198
204.72691917419434
205.16445446014404
205.62027597427368
206.01882457733154
206.41880631446838
206.93286991119385
207.3630166053772
207.73349690437317
208.04125428199768
208.45536541938782
208.85833859443665
209.24664187431335
209.69239401817322
210.31381559371948
210.6234347820282
211.1091525554657
211.4298346042633
211.89824414253235
212.35505414009094
212.78128838539124
213.1889362335205
213.56634902954102
213.9755642414093
214.3785924911499
214.78734803199768
215.2417712211609
215.69180393218994
216.15879106521606
216.64410734176636
217.04453587532043
217.5053517818451
217.9733624458313
218.3961260318756
218.79892587661743
219.2012701034546
219.6886851787567
220.1465585231781
220.56532216072083
221.01524782180786
221.46338319778442
221.93663549423218
222.3712477684021
222.82189345359802
223.18187642097473
223.74724102020264
224.13522219657898
224.5340621471405
224.9954011440277
225.40887546539307
225.86210680007935
226.306622505188
226.69482040405273
227.24438548088074
227.69457292556763
228.13327479362488
228.59495878219604
229.03155183792114
229.52334213256836
229.96093678474426
230.42150402069092
230.83816957473755
231.33980894088745
231.73829650878906
232.13252544403076
232.8089063167572
233.13100814819336
233.58685326576233
234.0304777622223
234.5123417377472
234.9484305381775
235.3892822265625
235.83732795715332
236.1609447002411
236.5498731136322
236.94848465919495
237.3831479549408
237.77903509140015
238.37352204322815
238.8492534160614
239.30596923828125
239.7524254322052
240.215740442276
240.66093468666077
241.16548562049866
241.60057878494263
242.03652596473694
242.4841034412384
242.86431694030762
243.32008457183838
243.69082689285278
244.11314415931702
244.4748091697693
244.958758354187
245.503600358963
246.04199814796448
246.51404428482056
246.8932614326477
247.2787446975708
247.7074134349823
