26.978679895401
27.79378652572632
28.40218210220337
28.980773210525513
29.59533977508545
30.254850387573242
30.842138051986694
31.43016815185547
32.00634503364563
32.53086566925049
33.10165572166443
33.682469606399536
34.2535879611969
34.88112282752991
35.506800174713135
36.08018231391907
36.6355881690979
37.235432386398315
37.77094078063965
38.34462070465088
38.99706149101257
39.514155864715576
40.08672881126404
40.66881275177002
41.25467371940613
41.78735589981079
42.337804317474365
42.89123487472534
43.471372842788696
44.00863194465637
44.57006502151489
45.289685010910034
45.851956605911255
46.47782349586487
47.11905264854431
47.625391483306885
48.23118352890015
48.80464053153992
49.4116849899292
50.05493450164795
50.668259382247925
51.216275453567505
51.76684832572937
52.39767050743103
52.94852590560913
53.551204681396484
54.22311282157898
54.79037594795227
55.32182860374451
55.880149126052856
56.49004411697388
57.057899713516235
57.582295656204224
58.17932653427124
58.75596284866333
59.351004123687744
59.879722356796265
60.41903519630432
61.08680081367493
61.71303749084473
62.336031913757324
62.982096433639526
63.598060131073
64.29149794578552
64.90363240242004
65.89554190635681
66.42461228370667
67.30216455459595
67.97284054756165
68.65117883682251
69.26996946334839
69.79776883125305
70.4168107509613
70.95154309272766
71.52086281776428
72.12094807624817
72.73758745193481
73.33730959892273
73.96931672096252
74.60855650901794
75.1836485862732
75.76229429244995
76.33841872215271
76.92011022567749
77.56300687789917
78.19386768341064
78.77101731300354
79.40208864212036
80.03819394111633
80.70965027809143
81.28741192817688
81.85611987113953
82.44101738929749
82.97000193595886
83.5363175868988
84.08922600746155
84.64850568771362
85.27610564231873
85.82210731506348
86.44220089912415
87.08416533470154
87.64563918113708
88.32892036437988
88.9852602481842
89.57418131828308
90.24685001373291
90.78342247009277
91.35863280296326
91.95511746406555
92.46812629699707
93.048832654953
93.61000466346741
94.16882824897766
94.75437235832214
95.39902830123901
95.86305975914001
96.38033771514893
96.89766097068787
97.46179151535034
98.0544958114624
98.64761281013489
99.30309987068176
99.87926292419434
100.4036226272583
100.95787286758423
101.56087803840637
102.11044907569885
102.80061650276184
103.54314470291138
104.11691641807556
104.70051622390747
105.29952692985535
105.90246486663818
106.50331401824951
107.13385391235352
107.78171491622925
108.37979555130005
108.96595311164856
109.58920502662659
110.10252928733826
110.67435240745544
111.2379879951477
111.7980568408966
112.37902092933655
112.90852189064026
113.4954125881195
114.50207853317261
115.08914923667908
115.74584746360779
116.29357600212097
116.85048079490662
117.43000745773315
118.1424400806427
118.75803327560425
119.26361656188965
119.81360793113708
120.39546704292297
120.97039937973022
121.59971141815186
122.15632319450378
122.7710063457489
123.37236714363098
124.01008892059326
124.6153507232666
125.25659966468811
126.12897491455078
126.63621020317078
127.21374297142029
128.2566773891449
129.080904006958
129.62891125679016
130.2745656967163
130.87702703475952
131.57812190055847
132.09693908691406
132.75330305099487
133.3040156364441
133.82587838172913
134.33647894859314
134.90486121177673
135.52643036842346
136.11744332313538
136.73007726669312
137.297132730484
137.77657961845398
138.3148157596588
138.834144115448
139.3645851612091
139.88064670562744
140.43642497062683
141.0023283958435
141.62730407714844
142.25903868675232
142.8786416053772
143.51270532608032
144.03253698349
144.7905158996582
145.40058779716492
146.02819395065308
146.54323267936707
147.19074082374573
148.00147366523743
148.67566561698914
149.35685896873474
149.93956518173218
150.51210522651672
151.10262036323547
151.6906337738037
152.1820991039276
152.65989065170288
153.16040897369385
153.71906352043152
154.37296652793884
154.98971366882324
155.65187811851501
156.31968784332275
157.00821161270142
157.59990644454956
158.2598328590393
158.86079001426697
159.43526530265808
160.00080370903015
160.62278056144714
161.12780165672302
161.64380192756653
162.1682267189026
162.70210075378418
163.2393298149109
163.91516065597534
164.57243585586548
165.1513271331787
165.75132250785828
166.42549204826355
167.00146627426147
167.6011562347412
168.20153141021729
168.86260890960693
169.42370438575745
169.9817032814026
170.56384301185608
171.0962724685669
171.66104078292847
172.25453877449036
172.91101217269897
173.46563339233398
174.06590390205383
174.6641080379486
175.19755506515503
175.7150912284851
176.26454997062683
176.76875853538513
177.2716805934906
177.7954375743866
178.31919527053833
178.84810209274292
179.52635192871094
180.12461853027344
180.72349667549133
181.37947392463684
181.98548650741577
182.60599946975708
183.22779893875122
183.8740496635437
184.4697926044464
185.1385760307312
185.80377292633057
186.45710039138794
187.13691926002502
187.77361273765564
188.34517621994019
188.99996089935303
189.61141800880432
190.20310401916504
190.81006622314453
191.42566871643066
192.07838654518127
192.66000270843506
193.27292013168335
193.83946323394775
194.43837213516235
195.04874467849731
195.63702964782715
196.2558195590973
196.7827799320221
197.47454237937927
198.0530571937561
198.63351106643677
199.2306046485901
199.7971031665802
200.4027762413025
201.0955445766449
201.73738765716553
202.29530429840088
202.86705327033997
203.48284244537354
204.12970757484436
204.82761120796204
205.5014636516571
206.05453443527222
206.67361569404602
207.29620456695557
207.83286356925964
208.4415807723999
209.0421462059021
209.6812973022461
210.35718488693237
210.93003392219543
211.4806170463562
212.13627219200134
212.73955917358398
213.25582146644592
213.9005446434021
214.48997116088867
215.02799224853516
215.63065004348755
216.1664183139801
216.6407630443573
217.23148393630981
217.78426003456116
218.31694316864014
218.9331293106079
219.59405040740967
220.1634397506714
220.754718542099
221.2884590625763
221.95402026176453
222.48517751693726
223.13064098358154
223.70125579833984
224.32950973510742
225.06826281547546
225.71894693374634
226.36085438728333
226.95605206489563
227.56919980049133
228.09034943580627
228.6149604320526
229.21182203292847
229.83118152618408
230.40946102142334
231.04229950904846
231.69679379463196
232.32265782356262
232.93481254577637
233.54109501838684
234.10030508041382
234.7416660785675
235.31076002120972
235.96663093566895
236.59018683433533
237.18688941001892
237.79437589645386
238.50323128700256
239.07063126564026
239.57648301124573
240.05825185775757
240.6060996055603
241.11558890342712
241.6721751689911
242.28343868255615
242.93060994148254
243.4849090576172
244.2101709842682
244.83314108848572
245.64788556098938
246.17958283424377
246.82041597366333
247.40393733978271
247.9762487411499
248.59492754936218
249.15086722373962
249.75397992134094
250.38933324813843
250.97763776779175
251.52951669692993
252.10693621635437
252.69430327415466
253.3068561553955
253.88198447227478
254.57200026512146
255.20147013664246
255.74601912498474
256.2760736942291
256.829886674881
257.37126302719116
257.95822501182556
258.52049565315247
259.092853307724
259.6568429470062
260.2103922367096
260.7690167427063
261.3616440296173
261.9262797832489
262.55330324172974
263.0998446941376
263.6939585208893
264.2496564388275
264.91904401779175
265.53237414360046
266.2458918094635
266.94014072418213
267.6041467189789
268.1704468727112
268.8651795387268
269.5233235359192
270.03889894485474
270.607656955719
271.25259470939636
271.87538170814514
272.4360749721527
272.943918466568
273.51290678977966
274.1079773902893
274.6941657066345
275.2390043735504
275.7611892223358
276.30430483818054
276.99272441864014
277.61243629455566
278.2183039188385
278.82530093193054
279.4468035697937
280.00866198539734
280.59829568862915
281.1804027557373
281.7794260978699
282.5283305644989
283.16315603256226
283.7445697784424
284.33362102508545
285.01036739349365
285.5733380317688
286.1101768016815
286.60183119773865
287.2308349609375
287.8488233089447
288.4144275188446
289.06429052352905
289.7716200351715
290.4330916404724
291.0009067058563
291.75475692749023
292.3124885559082
292.87035512924194
293.41527462005615
294.0088834762573
294.6482095718384
295.17772936820984
295.73890471458435
296.344233751297
296.9317047595978
297.5250825881958
298.1026632785797
298.748929977417
299.7870659828186
300.4433100223541
301.0515630245209
301.68372559547424
302.1989235877991
302.8644711971283
303.4834551811218
303.98405027389526
304.5354254245758
305.0689604282379
306.2822194099426
306.7045919895172
307.27350664138794
307.8645088672638
308.51351737976074
309.04829025268555
309.66404604911804
310.27871012687683
310.85508155822754
311.5105800628662
312.04362630844116
312.5590789318085
313.1536111831665
313.72540736198425
314.3315567970276
314.9016740322113
315.46168971061707
316.0794289112091
316.66900753974915
317.2409257888794
317.7755470275879
318.3038740158081
318.871009349823
319.5444960594177
320.158331155777
320.7082555294037
321.2165849208832
321.834552526474
322.3882050514221
322.9997248649597
323.6974136829376
324.26731300354004
324.88047432899475
325.46704149246216
325.999942779541
326.6427390575409
327.2042784690857
327.82431411743164
328.3752272129059
328.9659368991852
329.5671956539154
330.18938064575195
330.8104238510132
331.4669678211212
332.0339570045471
332.61205101013184
333.13441729545593
333.63953495025635
334.17708921432495
334.7075433731079
335.4106664657593
336.0554463863373
336.74339962005615
337.3872721195221
337.9706747531891
338.5872540473938
339.2143394947052
339.835086107254
340.42883801460266
341.00336623191833
341.6839213371277
342.2438094615936
342.8770682811737
343.4673054218292
344.1070156097412
344.80448722839355
345.34062099456787
346.04927372932434
346.62006545066833
347.2390878200531
347.74430871009827
348.31708693504333
348.89095306396484
349.40980982780457
349.93232774734497
350.58093070983887
351.1384723186493
351.7122061252594
352.19155716896057
352.79317831993103
353.32824993133545
353.83563351631165
354.42779994010925
355.0264127254486
355.60717821121216
356.1677141189575
356.76352548599243
357.3124465942383
357.8520817756653
358.3770098686218
358.9190695285797
359.52194261550903
360.1915531158447
360.84863924980164
361.4762578010559
362.09349036216736
362.77483582496643
363.407466173172
364.06493735313416
364.67008924484253
365.20687103271484
365.89047479629517
366.40690565109253
366.9176609516144
367.49555110931396
368.07550501823425
368.6924822330475
369.3726613521576
370.0248703956604
370.570335149765
371.1280288696289
371.6111285686493
372.2357089519501
372.886173248291
373.4258713722229
373.9962627887726
374.6057541370392
375.2135350704193
375.785236120224
376.4213614463806
377.10197854042053
377.7490339279175
378.3890655040741
378.9971091747284
379.6195225715637
380.4137227535248
381.06918835639954
381.7743430137634
382.4715406894684
383.1268312931061
383.80721950531006
384.4304015636444
385.1316418647766
385.7827775478363
386.4461750984192
387.09213757514954
387.61128664016724
388.1826379299164
388.8175880908966
389.39004015922546
390.0574176311493
390.6559262275696
391.2818560600281
391.9075005054474
392.52120065689087
393.1449465751648
393.7555592060089
394.4416720867157
395.02156829833984
395.6777262687683
396.24066948890686
396.86038613319397
397.36580634117126
397.9149978160858
398.4556267261505
399.0473253726959
399.62281608581543
400.23291516304016
400.88179445266724
401.5077693462372
402.1278223991394
402.7389495372772
403.3787064552307
403.9757568836212
404.5783772468567
405.19915676116943
405.7854599952698
406.35459566116333
406.97251415252686
407.6166121959686
408.235467672348
408.8466761112213
409.49737310409546
410.09749126434326
410.71758222579956
411.32537508010864
411.9434051513672
412.5340750217438
413.1638674736023
413.7520868778229
414.46065878868103
415.0806450843811
416.20418977737427
416.7267789840698
417.3168933391571
417.92515444755554
418.54500365257263
419.1816146373749
419.78045415878296
420.44827604293823
421.0752258300781
421.7356708049774
422.3522174358368
423.040913105011
423.69589018821716
424.3231954574585
424.88547921180725
425.57697057724
426.02469301223755
426.65693831443787
427.24943470954895
427.8263454437256
428.3869504928589
428.95438623428345
429.57828092575073
430.1858217716217
430.8405051231384
431.4484033584595
432.00599789619446
432.5911693572998
433.14573311805725
433.720290184021
434.2175962924957
434.8081443309784
435.4058508872986
436.0941231250763
436.7020959854126
437.21987652778625
437.78090143203735
438.3760597705841
438.98046135902405
439.5564603805542
440.15871477127075
440.8053951263428
441.3542973995209
441.97974133491516
442.5542917251587
443.1593053340912
443.80818152427673
444.4067506790161
445.02324318885803
445.7262680530548
446.33106541633606
447.0336158275604
447.68094873428345
448.2193682193756
448.86472177505493
449.4427697658539
450.0567877292633
450.7183954715729
451.33917689323425
451.95443320274353
452.58659076690674
453.20501685142517
453.7649130821228
454.4185063838959
455.0651240348816
455.61779379844666
456.18892455101013
456.7633180618286
457.3455104827881
457.9449825286865
458.6428074836731
459.2327938079834
459.9035675525665
460.463919878006
461.08381724357605
461.69047951698303
462.2417039871216
462.8506405353546
463.48646426200867
464.22668647766113
464.8749897480011
465.5408585071564
466.07146286964417
466.75211930274963
467.3216598033905
467.936639547348
468.55643677711487
469.20669078826904
469.7549228668213
470.30352210998535
470.8807952404022
471.5307288169861
472.13268208503723
472.8516788482666
473.53674602508545
474.09594535827637
474.7456684112549
475.3824393749237
475.9836938381195
476.6248667240143
477.22301411628723
477.9103100299835
478.54014468193054
479.21619939804077
479.79214119911194
480.35539388656616
480.99919748306274
481.6442828178406
482.19683814048767
482.8866229057312
483.56381034851074
484.2297239303589
484.8106880187988
485.8556180000305
486.3401348590851
486.9489562511444
487.5928909778595
488.1981701850891
488.9117991924286
489.50358605384827
490.1354603767395
490.76983070373535
491.42524456977844
492.08408546447754
492.7759919166565
493.3951871395111
494.0690851211548
494.7309489250183
495.38320875167847
495.95865201950073
496.5368983745575
497.2305660247803
497.95234417915344
498.56602692604065
499.2229244709015
499.7992432117462
500.4232847690582
501.14722418785095
501.775821685791
502.3761398792267
502.9772665500641
503.5471439361572
504.0945301055908
504.73643231391907
505.3311321735382
505.9295473098755
506.57399702072144
507.18189120292664
507.8096971511841
508.5207028388977
508.9863679409027
509.54351711273193
510.0787308216095
510.68707847595215
511.3898537158966
512.0444669723511
512.7235999107361
513.3522946834564
513.9381687641144
514.5831656455994
515.2085886001587
515.8329548835754
516.5009825229645
517.1906700134277
517.8167762756348
518.4365322589874
518.9944260120392
519.5341229438782
520.1012670993805
520.6234519481659
521.2788941860199
521.8108742237091
522.3714032173157
522.9916911125183
523.6268424987793
524.1918966770172
524.8859252929688
525.4451193809509
526.0197930335999
526.5761544704437
527.2194156646729
527.8535475730896
528.4233093261719
529.1088819503784
529.720121383667
530.3175842761993
530.9675080776215
