26.949732542037964
27.42167639732361
27.652788639068604
27.87048840522766
28.27873206138611
28.482878923416138
28.667587518692017
28.91246461868286
29.148765802383423
29.42018985748291
29.634557008743286
29.795782804489136
29.95624828338623
30.12587809562683
30.291029453277588
30.44632601737976
30.609699010849
30.77437949180603
30.937692165374756
31.152070999145508
31.31866765022278
31.642148971557617
32.055397510528564
32.34025239944458
32.59971380233765
32.86767363548279
33.13145136833191
33.402897119522095
33.677032709121704
33.919578313827515
34.15658092498779
34.38131523132324
34.64380097389221
34.87412095069885
35.12276530265808
35.4038405418396
35.64855194091797
36.017271280288696
36.30562877655029
36.61398887634277
37.02854347229004
37.34358239173889
37.634255170822144
37.92635154724121
38.25135588645935
38.57621741294861
38.80975937843323
39.04154324531555
39.287840843200684
39.53065299987793
39.77192449569702
40.06754469871521
40.40950870513916
40.733473777770996
41.03423833847046
41.3244366645813
41.61040210723877
41.88130569458008
42.14008831977844
42.3761842250824
42.61709976196289
42.88156199455261
43.15762281417847
43.430959701538086
43.80518674850464
44.417625427246094
44.920002698898315
45.44119429588318
45.771973848342896
46.136173248291016
46.500346183776855
47.385335206985474
47.73136019706726
48.07724714279175
48.35671830177307
48.64951157569885
48.956565141677856
49.253965854644775
49.54495096206665
49.84476280212402
50.127074003219604
50.44997549057007
50.710896253585815
50.96623945236206
51.19901990890503
51.45808124542236
51.69427561759949
51.98432374000549
52.25140690803528
52.51727485656738
52.787458419799805
53.05286192893982
53.36247682571411
53.64840030670166
53.92949199676514
54.195051193237305
54.44193077087402
54.701316833496094
54.95188760757446
55.2209632396698
55.47995400428772
55.7088520526886
55.92510533332825
56.14317202568054
56.3712112903595
56.600481271743774
56.825270891189575
57.053938150405884
57.2678062915802
57.54877161979675
57.82723546028137
58.21371936798096
58.43003869056702
58.90787363052368
59.13815426826477
59.36952304840088
59.60568594932556
59.815948247909546
60.11203980445862
60.43370866775513
60.753010511398315
61.11416697502136
61.41689157485962
61.69243049621582
61.93582844734192
62.38753890991211
62.65965270996094
62.96940612792969
63.24093270301819
63.479530334472656
63.721986293792725
63.98914933204651
64.25849032402039
64.53920650482178
64.88295817375183
65.17195582389832
65.46874856948853
65.76231384277344
66.00815010070801
66.24028325080872
66.73510980606079
67.0430383682251
67.3397707939148
67.54158592224121
67.71465945243835
67.90647053718567
68.17779564857483
68.43863773345947
68.70367240905762
68.97926139831543
69.3864541053772
69.63879370689392
69.898672580719
70.21811175346375
70.46926403045654
70.6939606666565
70.91187882423401
71.24547481536865
71.49515676498413
71.77952790260315
71.99787306785583
72.22397208213806
72.4919261932373
72.7526445388794
73.06449317932129
73.41253805160522
73.69874572753906
73.97463750839233
74.2443995475769
74.51624917984009
74.8155608177185
75.114511013031
75.39478158950806
75.70990562438965
75.98510432243347
76.30615067481995
76.59644770622253
76.87376379966736
77.16214537620544
77.50760746002197
77.823401927948
78.11230683326721
78.35631966590881
78.78467106819153
79.02452993392944
79.27153611183167
79.51231360435486
79.75854229927063
80.02566266059875
80.28833198547363
80.55370545387268
80.81414675712585
81.07979941368103
81.35300660133362
81.65245652198792
81.97709441184998
82.27778887748718
82.52895784378052
82.7504096031189
82.99039435386658
83.26001715660095
83.52908372879028
83.79978775978088
84.07519841194153
84.35254573822021
84.64143180847168
84.90349173545837
85.18410611152649
85.44351768493652
85.72035431861877
86.03522753715515
86.3396863937378
86.6203362941742
86.92620754241943
87.22601580619812
87.54637408256531
87.78212189674377
88.03623080253601
88.31501913070679
88.63948678970337
89.01055717468262
89.30498623847961
89.54501366615295
89.7695860862732
89.99521040916443
90.24621558189392
90.45561265945435
90.65226554870605
90.8486795425415
91.04063773155212
91.22194147109985
91.43937063217163
91.64082527160645
91.82468175888062
91.97018265724182
92.12030506134033
92.27448892593384
92.57373642921448
92.89431810379028
93.20353674888611
93.4842312335968
93.79038834571838
94.07860660552979
94.40910148620605
94.72151947021484
95.00463724136353
95.31934666633606
95.6710114479065
95.98918509483337
96.32916355133057
96.63664960861206
96.95832872390747
97.46829962730408
97.7790892124176
98.2538800239563
98.49949073791504
98.79068779945374
99.06741976737976
99.37713098526001
99.70436072349548
99.99822783470154
100.27963519096375
100.57946133613586
100.89140248298645
101.18049550056458
101.50321221351624
101.82447004318237
102.11679816246033
102.36182951927185
102.62865829467773
102.91903281211853
103.19905471801758
103.48695206642151
104.01643991470337
104.30068850517273
104.63310050964355
104.9445447921753
105.21836972236633
105.50648951530457
105.8604781627655
106.13940525054932
106.41914057731628
106.74890875816345
107.21239566802979
107.48412251472473
107.78967785835266
108.0987503528595
108.49475598335266
108.785573720932
109.14221262931824
109.443195104599
109.81723403930664
110.14491581916809
110.38619613647461
110.67992377281189
111.0207109451294
111.28937244415283
111.635586977005
111.95897960662842
112.371253490448
112.64968037605286
112.90952968597412
113.18384790420532
113.44751334190369
113.69449639320374
113.97682595252991
114.28516697883606
114.55959630012512
114.84812831878662
115.0939838886261
115.31596541404724
115.55109000205994
115.78334760665894
116.02624082565308
116.17869472503662
116.343585729599
116.51460313796997
116.80238389968872
117.1381630897522
117.43476700782776
117.75411319732666
118.044180393219
118.36189293861389
118.81368660926819
119.0578625202179
119.33341073989868
119.59152412414551
119.85805988311768
120.12635612487793
120.33957648277283
120.55911445617676
120.7941484451294
121.0252103805542
121.29858303070068
121.54218697547913
121.75502157211304
121.98700618743896
122.20071578025818
122.42435026168823
122.675044298172
122.92322707176208
123.1618869304657
123.38364434242249
123.68757009506226
123.9841411113739
124.26657962799072
124.55478358268738
124.83161234855652
125.07704424858093
125.32555365562439
125.66328763961792
125.95771479606628
126.23062467575073
126.53061199188232
126.8421983718872
127.12139654159546
127.41260886192322
127.68998003005981
127.97945594787598
128.26919078826904
128.81108450889587
129.02299308776855
129.3029808998108
129.6043038368225
129.90297031402588
130.2649896144867
130.57279181480408
130.8998908996582
131.1900119781494
131.48697924613953
131.86252760887146
132.17941188812256
132.5624635219574
132.91127800941467
133.27196311950684
133.62170433998108
133.93004631996155
134.2478597164154
134.57006096839905
134.98402643203735
135.3376808166504
135.60605907440186
135.93001103401184
136.1929440498352
136.48128724098206
136.7838363647461
137.20232629776
137.53607749938965
138.00669622421265
138.36694955825806
138.7340669631958
139.06885361671448
139.38250041007996
139.65019392967224
139.9461522102356
140.2295949459076
140.68235111236572
141.03043746948242
141.36160898208618
141.68656420707703
142.0407247543335
142.39124631881714
142.67643690109253
142.98190450668335
143.25087928771973
143.51205587387085
143.82016468048096
144.098534822464
144.34835243225098
144.5870840549469
144.8373463153839
145.08334350585938
145.32735323905945
145.94686579704285
146.78621912002563
147.0286123752594
147.26722168922424
147.51376247406006
147.7466344833374
147.9914526939392
148.2324559688568
148.47480750083923
148.71061444282532
148.9518494606018
149.19020771980286
149.42774772644043
149.68648386001587
149.97001147270203
150.21010947227478
150.45299911499023
150.84964609146118
151.14037346839905
151.45297241210938
151.65494990348816
151.84932446479797
152.03047585487366
152.21069192886353
152.41117477416992
152.65090894699097
152.80484795570374
153.09649634361267
153.36912441253662
153.63742423057556
153.90061163902283
154.17384338378906
154.43685388565063
154.73379397392273
155.01749444007874
155.3127543926239
155.60724687576294
155.9221429824829
156.21089792251587
156.45155501365662
156.68767833709717
156.932195186615
157.2130823135376
157.52072381973267
