27.53327202796936
27.93740963935852
28.181767225265503
29.63634467124939
29.885789394378662
30.147783041000366
30.42873525619507
30.664522886276245
30.906803369522095
31.1865713596344
31.437012910842896
31.661035299301147
31.916490077972412
32.14789080619812
32.444284439086914
32.71713328361511
32.99422240257263
33.476149559020996
33.707319259643555
33.961670875549316
34.22027015686035
34.46030855178833
34.69274020195007
34.915207386016846
35.22584128379822
36.238508462905884
36.51081657409668
36.840545892715454
37.587587118148804
38.85312366485596
39.0118465423584
39.173388957977295
39.79274296760559
40.022780656814575
40.27243995666504
40.50932765007019
40.745773792266846
41.00312089920044
41.28088450431824
41.54773807525635
41.79542589187622
41.95680642127991
42.12112092971802
42.28807592391968
42.464221477508545
42.652385234832764
42.83622217178345
43.021371364593506
43.24172806739807
43.462639570236206
43.67754054069519
43.902111768722534
44.12574124336243
44.33683919906616
44.5597608089447
44.84672474861145
45.34970545768738
45.63676834106445
45.90486454963684
46.161558628082275
46.43972301483154
46.761945486068726
47.006579875946045
47.24966621398926
47.47412610054016
47.68201804161072
47.905781507492065
48.16581320762634
48.39478588104248
48.60858392715454
48.936331272125244
49.201138973236084
49.4361572265625
49.726725339889526
49.993770122528076
50.24536371231079
50.508670806884766
50.767080545425415
51.128233909606934
51.461913108825684
52.01233267784119
52.17494583129883
52.3347806930542
52.50654697418213
52.68350648880005
52.89885854721069
53.07579684257507
53.24924087524414
53.43926978111267
53.61196804046631
53.77829360961914
53.951865673065186
54.14799237251282
54.52058815956116
54.78369092941284
55.08470320701599
55.391549825668335
55.641122579574585
55.89806127548218
56.155937910079956
56.41069579124451
56.612709045410156
56.82253289222717
57.0516140460968
57.29524636268616
57.59760665893555
57.90432548522949
58.19965577125549
58.52705693244934
58.8126802444458
59.05820035934448
59.298842430114746
59.58285093307495
59.88427996635437
60.15787076950073
60.44116520881653
60.716673374176025
60.993186235427856
61.32995676994324
61.72955369949341
62.0346155166626
62.31909155845642
62.60355544090271
62.85768008232117
63.12345862388611
63.39725637435913
63.649813413619995
63.89822435379028
64.1490490436554
64.36875748634338
64.59486985206604
64.89646291732788
65.1405463218689
65.40172982215881
65.68194699287415
66.00136947631836
66.35916924476624
66.6221764087677
66.93267822265625
67.17656230926514
67.42314529418945
67.72464370727539
68.05908203125
68.32714056968689
68.59985566139221
68.90915274620056
69.28145718574524
69.60945630073547
69.86035299301147
70.20221304893494
70.56417775154114
70.88895606994629
71.16022539138794
71.4236102104187
71.70706462860107
71.98910307884216
72.23823881149292
72.52521800994873
72.77031254768372
73.07071876525879
73.3530125617981
73.62653684616089
73.87698936462402
74.10067534446716
74.33314156532288
74.63291788101196
74.90346693992615
75.2291042804718
75.44064426422119
75.71060681343079
75.97858572006226
76.26090621948242
76.43260788917542
76.62377762794495
76.8487057685852
77.09954524040222
77.34189939498901
77.56473350524902
77.84480214118958
78.09656476974487
78.35805535316467
78.6546561717987
78.87686896324158
79.0891261100769
79.30534553527832
79.5413978099823
79.8350145816803
80.07666969299316
80.29695749282837
80.56461524963379
80.77496385574341
80.97512125968933
81.16978931427002
81.82763147354126
82.100665807724
82.36293244361877
82.68038749694824
82.96539092063904
83.23068046569824
83.54085373878479
83.82727336883545
84.14493107795715
84.4843225479126
84.81400275230408
85.1016902923584
85.48590230941772
85.70947170257568
86.18331909179688
86.52950739860535
86.8844268321991
87.46566414833069
87.73978853225708
88.17175459861755
88.52878642082214
88.83109211921692
89.07134890556335
89.34270143508911
89.59071755409241
89.83164548873901
90.15255427360535
90.48196339607239
90.7872416973114
91.12526965141296
91.43005084991455
91.75203156471252
92.1254518032074
92.4435601234436
92.78518795967102
93.12565898895264
93.41865062713623
93.70410084724426
94.04929900169373
94.49682259559631
94.77473473548889
95.07890820503235
95.41960740089417
95.83294343948364
96.22127079963684
96.56135511398315
96.84632682800293
97.22624826431274
97.5575053691864
97.87576127052307
98.24412631988525
98.61497044563293
98.91937518119812
99.18577980995178
99.44125628471375
99.90745735168457
100.28745555877686
100.64686441421509
100.979088306427
101.3043577671051
101.62233757972717
101.98291659355164
102.3433563709259
102.69063591957092
102.99826788902283
103.30213761329651
103.62797975540161
103.87934112548828
104.14655256271362
104.45746183395386
104.7606110572815
105.026362657547
105.296067237854
105.5815691947937
105.9242353439331
106.20065093040466
106.52139401435852
106.94212293624878
107.26752209663391
107.38649034500122
107.51191353797913
107.59293150901794
107.71700429916382
108.06515192985535
108.37534141540527
108.71243810653687
108.96362686157227
109.17674779891968
109.38122653961182
109.74004650115967
110.06998014450073
110.49353694915771
110.92382264137268
111.21181535720825
112.05992984771729
112.35893249511719
113.03319191932678
113.32448554039001
113.61853241920471
114.00257158279419
114.29909229278564
114.61465263366699
114.98636555671692
115.3194363117218
115.55989003181458
115.83618378639221
116.11916899681091
116.44334864616394
116.72430920600891
116.9992151260376
117.47776794433594
117.74752998352051
118.03046751022339
118.2990243434906
118.60834002494812
118.89649033546448
119.18643307685852
119.52533531188965
119.92761039733887
120.2368221282959
120.62602972984314
121.10542917251587
121.4192521572113
121.82568836212158
122.15651965141296
122.5056529045105
122.83094596862793
123.13966989517212
123.43102598190308
123.73932552337646
124.0296642780304
124.35780239105225
124.6538314819336
124.91426730155945
125.25618982315063
125.57254457473755
125.87231826782227
126.39291262626648
126.6634247303009
126.95822334289551
127.34353041648865
127.62430000305176
127.91158175468445
128.19156074523926
128.523339509964
128.82834482192993
129.10212469100952
129.43557596206665
129.7319061756134
130.03551197052002
130.31033444404602
130.59609484672546
130.85278701782227
131.08763146400452
131.33884453773499
131.59321808815002
131.85239696502686
132.15085577964783
132.4411940574646
132.73047804832458
133.0362992286682
133.359637260437
133.64907383918762
134.1598584651947
134.63138341903687
135.0312144756317
135.31460285186768
135.58145594596863
136.0525689125061
136.40347957611084
136.68560767173767
137.02417874336243
137.325101852417
137.6320996284485
138.00359559059143
138.26827907562256
138.5797519683838
138.89111590385437
139.20374965667725
139.5609004497528
139.91148495674133
140.24230003356934
140.58349752426147
140.88326740264893
141.20146584510803
141.76638436317444
142.04689145088196
142.3941354751587
143.3301157951355
143.62098908424377
143.92496347427368
144.45667505264282
144.72498559951782
144.95943593978882
145.32987570762634
145.6341428756714
145.9051742553711
146.18307828903198
146.42036652565002
146.6523518562317
146.89350509643555
147.1370894908905
147.40194463729858
147.6369731426239
147.88981890678406
148.12635803222656
148.37717080116272
148.70695996284485
148.99268555641174
149.2682707309723
149.56499767303467
149.89059329032898
150.19255948066711
150.46838235855103
150.7159128189087
151.04364800453186
151.31291842460632
151.56535840034485
151.83557558059692
152.0878827571869
152.3467149734497
152.5969581604004
152.86564207077026
153.13686156272888
153.39649558067322
153.67098593711853
154.06450295448303
154.31960725784302
154.6215844154358
154.91984581947327
155.2203254699707
155.52140593528748
155.85858464241028
156.20359206199646
156.50946187973022
156.82501769065857
157.16494941711426
157.47637629508972
157.77901887893677
158.07228708267212
158.41253995895386
158.69278860092163
158.9564037322998
159.19527125358582
159.5683708190918
159.96360754966736
160.22668027877808