28.169485092163086
28.755908727645874
29.06108260154724
29.472663402557373
29.857712507247925
30.25552248954773
30.624399662017822
31.055537462234497
31.393759965896606
31.791990995407104
32.18683457374573
32.559465408325195
32.96871280670166
33.346540451049805
33.70735764503479
34.064775228500366
34.46944332122803
34.85560369491577
35.26711130142212
35.67429542541504
36.09490966796875
36.400466203689575
36.74477529525757
37.09735083580017
37.51249718666077
37.852482318878174
38.27230405807495
38.63733100891113
39.03393030166626
39.41480350494385
39.87271046638489
40.222206592559814
40.65828561782837
41.011523485183716
41.35874652862549
41.6558039188385
42.0471076965332
42.40322470664978
42.75464344024658
43.15916419029236
43.534225940704346
43.87316656112671
44.25703001022339
44.60426115989685
45.02622723579407
45.441625118255615
45.750011920928955
46.08917689323425
46.45002317428589
46.81890821456909
47.264182806015015
47.726250410079956
48.12192368507385
48.53949475288391
48.984665393829346
49.46416401863098
49.90363955497742
50.322015047073364
50.70349645614624
51.11915969848633
51.53864121437073
51.97736930847168
52.354690074920654
52.80172419548035
53.15182948112488
53.57340741157532
53.98472785949707
54.512146949768066
55.08020329475403
55.45177936553955
55.96761989593506
56.26646947860718
56.78759288787842
57.234713315963745
57.633141040802
58.01407194137573
58.437108278274536
58.87707543373108
59.22805857658386
59.650370359420776
60.05280542373657
60.50645971298218
60.91475963592529
61.30060386657715
61.75551748275757
62.21179676055908
62.586466550827026
63.01838040351868
63.385305643081665
63.79904794692993
64.17130589485168
64.59078121185303
65.03066062927246
65.48170804977417
65.88095211982727
66.2332694530487
66.65302753448486
67.11564469337463
67.54499793052673
67.98734021186829
68.41982793807983
68.88038897514343
69.2975447177887
69.68641304969788
70.09022212028503
70.4835798740387
70.84063220024109
71.29878234863281
71.70812106132507
72.11560583114624
72.50949287414551
72.89912104606628
73.28439044952393
73.72999429702759
74.15048694610596
74.55457019805908
75.03631711006165
75.49820232391357
75.98089170455933
76.4363055229187
76.82310175895691
77.2311897277832
77.65788960456848
78.00521564483643
78.38128805160522
78.83492851257324
79.21995973587036
79.58697009086609
79.98611998558044
80.34963726997375
80.77706336975098
81.1751651763916
81.57768177986145
81.9484543800354
82.37233567237854
82.75284504890442
83.17344808578491
83.54553842544556
83.97591757774353
84.34229755401611
84.75057101249695
85.1791923046112
85.61454224586487
86.02676630020142
86.47840189933777
86.89878726005554
87.3067991733551
87.71426200866699
88.09898257255554
88.49575543403625
88.91990089416504
89.41241979598999
89.88357591629028
90.31001329421997
90.74118828773499
91.13531827926636
91.57233214378357
91.99588799476624
92.40273904800415
92.82383370399475
93.227952003479
93.63534832000732
94.03637337684631
94.42780947685242
94.79033017158508
95.19090580940247
95.57004237174988
95.98583006858826
96.36583852767944
96.78366541862488
97.17050909996033
97.60193395614624
98.23939418792725
98.63833117485046
99.05277585983276
99.50195455551147
99.95194172859192
100.29059624671936
100.6842987537384
101.07378697395325
101.55403566360474
101.9336473941803
102.39012217521667
102.83100128173828
103.2021872997284
103.60882115364075
104.00326609611511
104.44277334213257
104.89738416671753
105.30124473571777
105.71497344970703
106.11348724365234
106.47833180427551
106.8745527267456
107.25712132453918
107.67124438285828
108.09231567382812
108.4844765663147
108.84811782836914
109.24657249450684
109.56304407119751
109.91629028320312
110.32529616355896
110.72772526741028
111.06894540786743
111.4446473121643
111.83219170570374
112.29132127761841
112.68087029457092
113.11575078964233
113.53046441078186
113.98304414749146
114.40299010276794
114.80162501335144
115.1772825717926
115.55756044387817
115.95864987373352
116.39720606803894
116.85189771652222
117.26845812797546
117.73466086387634
118.2130217552185
118.60305619239807
119.0427393913269
119.44235897064209
119.87310218811035
120.28028726577759
120.74345970153809
121.1319375038147
121.52222990989685
121.90498375892639
122.26843929290771
122.71982598304749
123.1372480392456
123.52918219566345
123.90610313415527
124.29082560539246
124.72625708580017
125.15104055404663
125.56505012512207
126.01701545715332
126.41696667671204
126.87911224365234
127.31256747245789
127.73548579216003
128.15760707855225
128.59837555885315
129.00640082359314
129.43473362922668
129.82319498062134
130.23372650146484
130.65553784370422
131.05430150032043
131.5472011566162
131.89935636520386
132.29051280021667
132.73894381523132
133.137864112854
133.4636046886444
133.8561975955963
134.35884428024292
134.7739179134369
135.107488155365
135.4698486328125
135.9094660282135
136.30811548233032
136.72678518295288
137.1283402442932
137.54113268852234
137.9543228149414
138.3474726676941
138.77467393875122
139.2229881286621
139.58614087104797
140.0266306400299
140.32064127922058
140.72993731498718
141.09136247634888
141.4656105041504
141.86143589019775
142.3646275997162
142.7239911556244
143.14474201202393
143.53523778915405
143.97120356559753
144.38571643829346
144.72834014892578
145.10614466667175
145.55110120773315
145.9419093132019
146.37034130096436
146.7563672065735
147.1063690185547
147.479398727417
147.89472794532776
148.27162265777588
148.63414025306702
149.04269671440125
149.4989035129547
149.88285541534424
150.2718949317932
150.66036176681519
151.06168746948242
151.47435116767883
151.81666684150696
152.22269535064697
152.61501002311707
153.00212121009827
153.44653153419495
153.88986158370972
154.3530774116516
154.73865675926208
155.1363914012909
155.59346413612366
156.04654550552368
156.45391130447388
156.79704356193542
157.1999592781067
157.5785312652588
158.2029185295105
158.61713552474976
159.03239488601685
159.54590463638306
159.97548151016235
160.38201594352722
160.8118097782135
161.4026563167572
161.80644416809082
162.2265923023224
162.68208575248718
163.00696539878845
163.48659706115723
163.8702781200409
164.19508504867554
164.5630452632904
164.97988057136536
165.33811235427856
165.7146716117859
166.2402949333191
166.65750217437744
167.08922481536865
167.6094377040863
168.07572174072266
168.47484469413757
168.95242738723755
169.37055683135986
169.80299925804138
170.27453804016113
170.73051691055298
171.1974585056305
171.60582447052002
172.02559852600098
172.4738109111786
172.86625218391418
173.32725048065186
173.7544445991516
174.167809009552
174.6000256538391
175.02651071548462
175.4716591835022
175.93667435646057
176.3282253742218
176.76030659675598
177.2014524936676
177.5346920490265
178.00436973571777
178.41687989234924
178.81814551353455
179.21704125404358
179.65511107444763
180.11440706253052
180.51806449890137
180.99183344841003
181.45510172843933
181.96414303779602
182.47637176513672
183.05408811569214
183.57118821144104
184.0402636528015
184.45531678199768
184.88072872161865
185.29552960395813
185.76161456108093
186.21688985824585
186.63969922065735
187.17300510406494
187.68211007118225
188.14117765426636
188.61090469360352
189.00453758239746
189.37344646453857
189.81390285491943
190.27076387405396
190.65652203559875
191.18862175941467
191.69800400733948
192.21990180015564
192.69345474243164
193.06635332107544
193.48651790618896
193.90648651123047
194.28950881958008
194.70886898040771
195.12249374389648
195.5567331314087
195.98626041412354
196.39425706863403
196.8008508682251
197.23072338104248
197.64847421646118
198.09838914871216
198.55197954177856
198.97600507736206
199.39843893051147
199.8233335018158
200.25386714935303
200.68538284301758
201.1132402420044
201.53130054473877
202.0021367073059
202.48542642593384
202.9069321155548
203.20958375930786
203.63445138931274
204.0653486251831
204.49237394332886
205.02231097221375
205.46178078651428
205.94109392166138
206.36809635162354
206.84278225898743
207.3047275543213
207.7430067062378
208.19768905639648
208.71498680114746
209.20020866394043
209.63087916374207
210.12890720367432
210.64298629760742
211.10866332054138
211.53619146347046
211.95680713653564
212.3310742378235
212.7712094783783
213.13669157028198
213.5811128616333
214.0584363937378
214.40342712402344
214.77667474746704
215.15735411643982
216.3627645969391
216.70325469970703
217.06182718276978
217.46992230415344
218.3043920993805
218.63391017913818
219.03752899169922
219.491872549057
219.98217678070068
220.42731928825378
220.80995750427246
221.2031605243683
221.61975002288818
222.05365228652954
222.51827836036682
222.97045636177063
223.34080576896667
223.8042449951172
224.20374298095703
224.6164903640747
225.08215379714966
225.58053612709045
226.0080442428589
226.50392651557922
226.95269894599915
227.3316204547882
227.867760181427
228.35255455970764
228.8104329109192
229.2615966796875
229.73069190979004
230.14371538162231
230.59483647346497
231.02534317970276
231.28732109069824
231.79035019874573
232.24779987335205
232.69396924972534
233.1213092803955
233.52705788612366
233.95846819877625
234.32621002197266
234.78865432739258
235.14443373680115
235.51382994651794
235.95717978477478
236.39224338531494
236.80511856079102
237.2378294467926
237.61997842788696
238.03986024856567
238.4283003807068
238.86675906181335
239.3059322834015
239.70936608314514
240.12645196914673
240.56931018829346
240.96604990959167
241.4485638141632
241.87915444374084
242.30396175384521
242.73677110671997
243.11201524734497
243.52660369873047
243.9174027442932
244.30864334106445
244.78969407081604
245.2109911441803
245.62849235534668
246.06540417671204
246.52335834503174
246.90102696418762
247.21515774726868
247.68665552139282
248.11755514144897
248.45499634742737
248.84744310379028
249.29111528396606
249.70194172859192
250.08535265922546
250.49449849128723
250.88431406021118
251.33397507667542
251.78990125656128
252.21806025505066
252.6337764263153
253.00602841377258
253.43783116340637
253.86338925361633
254.47099328041077
254.98791670799255
255.41111087799072
255.85045886039734
256.2668249607086
256.6900315284729
257.1160385608673
257.53677558898926
257.95400309562683
258.53148341178894
258.94818091392517
259.36195397377014
259.8429923057556
260.2713053226471
260.71810960769653
261.0968527793884
261.459655046463
262.03145027160645
262.419855594635
262.80826210975647
263.1679036617279
263.52260518074036
263.8840901851654
264.2700300216675
264.6698293685913
265.0095868110657
265.43238615989685
265.97669553756714
266.575546503067
267.09352135658264
267.4926838874817
267.87328910827637
268.2773187160492
268.69794821739197
269.148473739624
269.64288210868835
270.038126707077
270.4877142906189
270.8691053390503
271.2806062698364
271.70553278923035
272.0208764076233
272.4707236289978
272.9266884326935
273.33152961730957
273.8341109752655
274.35842084884644
274.849472284317
275.32522654533386
275.70834589004517
276.0859041213989
276.51492738723755
276.9267768859863
277.3103880882263
277.7065279483795
278.176824092865
278.56795263290405
279.0753479003906
279.5285151004791
279.96801924705505
280.4506232738495
280.93171286582947
281.4118552207947
281.83226203918457
282.32909297943115
282.7578823566437
283.1925370693207
283.6501352787018
284.1649224758148
284.6412208080292
284.97525787353516
285.3510549068451
285.764639377594
286.1485741138458
286.529504776001
286.87531638145447
287.2264451980591
287.5673897266388
287.9489622116089
288.35485577583313
288.66272354125977
288.9906978607178
289.33466267585754
289.6959340572357
290.0546944141388
290.4125621318817
290.7865068912506
291.2180349826813
291.5797462463379
291.90080857276917
292.2810924053192
292.6669325828552
293.025062084198
293.5325565338135
294.0068063735962
294.3836336135864
294.88197135925293
295.22729754447937
295.6392602920532
296.048300743103
296.60039806365967
297.0025329589844
297.38831782341003
297.8075807094574
298.23880100250244
298.67573642730713
299.09127593040466
299.5113036632538
299.9474356174469
300.3748230934143
300.82699060440063
301.27946424484253
301.7435884475708
302.1503369808197
302.5738835334778
303.0228900909424
303.41727805137634
303.8250379562378
304.22270226478577
304.6657700538635
305.1218800544739
305.50306034088135
305.92954301834106
306.30400824546814
306.739883184433
307.19865441322327
307.6181743144989
308.0064973831177
308.3046338558197
308.62145590782166
308.92797780036926
309.2538938522339
309.5723502635956
309.8950273990631
310.17804503440857
310.51731038093567
310.85719871520996
311.2061958312988
311.51245284080505
311.8376109600067
312.1660375595093
312.5189166069031
312.96280550956726
313.31001591682434
313.77812337875366
314.2736346721649
314.70695328712463
315.0954644680023
315.59213066101074
