26.439931869506836
27.295918941497803
27.99100375175476
28.490018606185913
29.05972647666931
29.702260732650757
30.28114628791809
30.984367609024048
31.52086853981018
32.191879749298096
32.80584502220154
33.429880142211914
34.02572464942932
34.655609130859375
35.24590301513672
35.83321571350098
36.49724316596985
37.168787717819214
37.793094873428345
38.39309048652649
39.007333278656006
39.53057360649109
40.10716366767883
40.6658034324646
41.23187756538391
41.814680099487305
42.35484218597412
42.9335834980011
43.59588146209717
44.18384647369385
44.76167416572571
45.40240168571472
46.12212061882019
46.77895140647888
47.38031625747681
47.90570330619812
48.61827802658081
49.241060733795166
49.876142263412476
50.57970595359802
51.17792534828186
51.67708730697632
52.18416738510132
52.72687530517578
53.208924770355225
53.8059618473053
54.41629934310913
55.06266760826111
55.64201498031616
56.23433327674866
56.82096290588379
57.441771507263184
58.158031940460205
58.80730152130127
59.44442892074585
60.04148292541504
60.516047954559326
61.135706663131714
61.742501974105835
62.38137984275818
63.019134759902954
63.641183614730835
64.31461477279663
64.97861409187317
65.6168122291565
66.28670907020569
66.90630292892456
67.53500890731812
68.13289213180542
68.75646114349365
69.45145344734192
70.10616135597229
70.69642925262451
71.30580806732178
71.9711127281189
72.67638921737671
73.31261324882507
73.92812323570251
74.50242447853088
75.09313082695007
75.69181060791016
76.30469965934753
76.84194707870483
77.39916706085205
77.90521550178528
78.49320650100708
79.20535469055176
79.84149646759033
80.43656897544861
81.04462051391602
82.20402932167053
82.74031043052673
83.36034345626831
83.91595673561096
84.64813995361328
85.71775984764099
86.29155373573303
86.83599948883057
87.39050507545471
87.97848868370056
88.53652048110962
89.07401466369629
89.60000944137573
90.15138554573059
90.70971369743347
91.43076872825623
92.07280445098877
92.60422253608704
93.23667430877686
93.8135278224945
94.38065505027771
94.93663001060486
95.48488903045654
96.06631731987
96.68983268737793
97.28046774864197
97.82345199584961
98.45144963264465
99.1045024394989
99.69763278961182
100.22549271583557
100.85020637512207
101.43378496170044
101.99960255622864
102.64369249343872
103.24386215209961
103.79918694496155
104.3939597606659
104.97064924240112
105.52578282356262
106.14700436592102
106.79310441017151
107.49067401885986
108.2059895992279
108.72427749633789
109.33042788505554
109.88274955749512
110.45646262168884
111.03987765312195
111.61161756515503
112.18854689598083
112.75369167327881
113.3465485572815
113.91348004341125
114.401437997818
114.88015270233154
115.43630456924438
116.09188437461853
116.76501965522766
117.38903474807739
118.0572714805603
118.60714769363403
119.25714111328125
119.86651349067688
120.60313534736633
121.23180508613586
121.84066939353943
122.41381454467773
122.95288944244385
123.48205018043518
124.09983015060425
124.60294771194458
125.1721019744873
125.67814540863037
126.27186989784241
126.87797546386719
127.43221426010132
127.9617805480957
128.48476004600525
129.07594656944275
129.5695629119873
130.14541745185852
130.7604570388794
131.33854818344116
131.92559170722961
132.70602321624756
133.22956442832947
133.76972460746765
134.29193568229675
134.8433711528778
135.40999031066895
135.97397685050964
136.51904392242432
137.14193987846375
137.7208321094513
138.33013081550598
138.90755891799927
139.55944108963013
140.14112639427185
140.74582481384277
141.35477137565613
141.9554283618927
142.5562286376953
143.18702101707458
143.74009442329407
144.38476157188416
144.94744539260864
145.56801986694336
146.17985010147095
146.8369162082672
147.43859028816223
148.0504891872406
148.6189112663269
149.212158203125
149.74746894836426
150.24069738388062
150.74739003181458
151.50579380989075
152.30378675460815
152.95957159996033
153.5721652507782
154.11151242256165
154.71008229255676
155.3583846092224
155.99982070922852
156.61769223213196
157.2937834262848
157.89040613174438
158.60225176811218
159.2230920791626
159.82441425323486
160.6915102005005
161.23276567459106
161.80888557434082
162.41382026672363
162.99948644638062
163.56103777885437
164.14589428901672
164.7175076007843
165.26210021972656
165.8076798915863
166.3963611125946
166.95097184181213
167.57918310165405
168.0893530845642
168.7129304409027
169.29555106163025
169.89292788505554
170.55234026908875
171.17005896568298
171.7520728111267
172.38621616363525
172.98272061347961
173.5857651233673
174.17440557479858
174.7866804599762
175.31359815597534
175.88471293449402
176.59880113601685
177.19395923614502
177.69848132133484
178.2761948108673
178.8513321876526
179.35567927360535
179.89296627044678
180.44604778289795
181.23670506477356
181.86581540107727
182.40798687934875
182.98773670196533
183.54996705055237
184.11472940444946
184.72269201278687
185.2431674003601
185.82761359214783
186.42317008972168
186.94004321098328
187.55047607421875
188.14658188819885
188.69050693511963
189.22844815254211
189.86898469924927
190.44586563110352
191.06053948402405
191.61624789237976
192.2465124130249
192.84437227249146
193.52966237068176
194.11902332305908
194.70087265968323
195.27684426307678
195.8974688053131
196.57525038719177
197.290429353714
197.99434661865234
198.64715099334717
199.29778242111206
199.8784956932068
200.5163094997406
201.21947813034058
201.88059854507446
202.60003519058228
203.27777647972107
203.9109652042389
204.46986985206604
205.0700056552887
205.72186017036438
206.290034532547
206.95336055755615
207.59929513931274
208.24071264266968
208.90375781059265
209.6629228591919
210.38344264030457
211.0592019557953
211.58852553367615
212.12164211273193
212.69759964942932
213.20955348014832
213.93073272705078
214.55032348632812
215.10697102546692
215.65566492080688
216.23000621795654
216.77856302261353
217.29889297485352
217.9019684791565
218.53257536888123
219.2184658050537
219.76851654052734
220.4076852798462
221.0056438446045
221.6103949546814
222.26890349388123
222.86892437934875
223.49327087402344
224.04392862319946
224.6506540775299
225.2454571723938
225.82630014419556
226.45785355567932
227.03760647773743
227.69691395759583
228.2991738319397
228.91800618171692
229.53403401374817
230.12911343574524
230.94969582557678
231.59000182151794
232.1957848072052
232.85882115364075
233.51201701164246
234.02593755722046
234.77075505256653
235.41886019706726
236.12754845619202
236.7866985797882
237.42650699615479
238.00237488746643
238.58127117156982
239.0983805656433
239.6814045906067
240.17564725875854
240.86962056159973
241.48775124549866
242.04470038414001
242.77010941505432
243.37852263450623
243.97205591201782
244.60030221939087
245.2498073577881
245.87086081504822
246.55356860160828
247.17077541351318
247.71896982192993
248.19493293762207
248.69553637504578
249.23583984375
249.84214282035828
250.39690232276917
251.01927852630615
251.56854486465454
252.18995833396912
252.74836802482605
253.34672808647156
253.9468035697937
254.52580952644348
255.12311911582947
255.73332619667053
256.4247570037842
257.0350420475006
257.6196837425232
258.2042329311371
258.8279142379761
259.30798864364624
259.9557614326477
260.51856684684753
261.1508090496063
261.7439212799072
262.3025517463684
262.8917465209961
263.45524406433105
264.1116645336151
264.67604541778564
265.29270601272583
265.9057867527008
266.48731327056885
267.07919478416443
267.73494243621826
268.40776681900024
269.11083364486694
269.7545163631439
270.32511496543884
270.94218349456787
271.721476316452
272.23290061950684
272.9147946834564
273.65219712257385
274.3424029350281
274.9084222316742
275.5272080898285
276.0683262348175
276.6804368495941
277.30240273475647
277.9694938659668
278.615558385849
279.36724495887756
279.9234368801117
280.5618050098419
281.2769720554352
281.8694667816162
282.5039405822754
283.0708487033844
283.7575623989105
284.331906080246
284.9600386619568
285.6122272014618
286.222154378891
286.88760256767273
287.42444133758545
287.99960136413574
288.58445048332214
289.1987247467041
289.8565547466278
290.38180232048035
291.05490350723267
291.96148109436035
292.5763576030731
293.09552359580994
293.61490774154663
294.2127184867859
294.9990301132202
295.6316158771515
296.38683795928955
296.93098735809326
297.53123474121094
298.38355255126953
299.0008542537689
299.5692331790924
300.1848728656769
300.8181416988373
301.4267361164093
301.9885413646698
302.61060786247253
303.1666181087494
303.7558195590973
304.3413453102112
304.9775490760803
305.53155970573425
306.15246057510376
306.7199740409851
307.2991352081299
307.8708801269531
308.51375913619995
309.1652641296387
309.66013836860657
310.2558891773224
310.919447183609
311.494647026062
312.122585773468
312.65833473205566
313.2468776702881
313.84331583976746
314.416784286499
314.9530839920044
315.5499424934387
316.18882989883423
316.81787395477295
317.3533663749695
317.8668715953827
318.4740891456604
319.1046042442322
319.75610542297363
320.38713121414185
320.91054606437683
321.57071924209595
322.1608557701111
322.69185853004456
323.2821567058563
323.82620334625244
324.39938473701477
325.0054614543915
325.5559027194977
326.20538234710693
326.8449635505676
327.39909958839417
328.0493235588074
328.6966509819031
329.3441495895386
330.00785779953003
330.7733359336853
331.8275921344757
332.4502520561218
333.0377404689789
333.6417441368103
334.26494216918945
334.9367904663086
335.67660427093506
336.42757296562195
337.0815055370331
337.6943771839142
338.3489806652069
338.8776710033417
339.44970703125
340.10060930252075
340.7846415042877
341.33901834487915
341.9205276966095
342.5264427661896
343.12589621543884
343.67974948883057
344.32001280784607
344.98998045921326
345.5981914997101
346.1967568397522
346.7954969406128
347.49642992019653
348.0887792110443
348.67058968544006
349.26829624176025
349.926118850708
350.4928345680237
351.1204180717468
351.74724531173706
352.3658208847046
352.98006677627563
353.6264593601227
354.16820073127747
354.78337359428406
355.4531421661377
356.02016592025757
356.61272740364075
357.12311935424805
357.76726770401
358.35512614250183
358.9117467403412
359.4582009315491
360.20121812820435
360.755610704422
361.31885027885437
361.8327353000641
362.42859649658203
363.1227111816406
363.6845200061798
364.4501450061798
365.10392665863037
365.67327976226807
366.3116660118103
366.9047553539276
367.55850052833557
368.1294734477997
368.8085024356842
369.36592388153076
370.01533246040344
370.58315348625183
371.3331642150879
371.96259331703186
372.60750436782837
373.1895430088043
373.76631450653076
374.39019751548767
374.96681475639343
375.5604074001312
376.24674582481384
376.80531883239746
377.41923546791077
378.0653910636902
378.65185022354126
379.2800672054291
379.88165068626404
380.5014033317566
381.1521301269531
381.7301552295685
382.3454797267914
382.9518632888794
383.5654933452606
384.3304054737091
384.96100902557373
385.58258724212646
386.186806678772
386.82174372673035
387.4248306751251
388.1435430049896
388.8023512363434
389.43811321258545
389.9927716255188
390.6369574069977
391.321653842926
391.9989969730377
392.62918853759766
393.3335077762604
393.8164687156677
394.3917887210846
394.9018316268921
395.4125084877014
396.0475013256073
396.6731584072113
397.2631118297577
397.8551676273346
398.5183744430542
399.0760896205902
399.67012095451355
400.25161266326904
400.8363721370697
401.44003033638
402.12147855758667
402.6617679595947
403.2535059452057
403.8884768486023
404.52302598953247
405.1691541671753
405.74567127227783
406.34412026405334
406.9965167045593
407.5716483592987
408.17556166648865
408.7840905189514
409.42230582237244
410.1562190055847
410.7889881134033
411.3295826911926
411.9703948497772
412.5490128993988
413.18402647972107
413.83547711372375
414.40193033218384
414.90922832489014
415.53331899642944
416.04927945137024
416.6326050758362
417.2592656612396
417.910671710968
418.49521231651306
419.11822509765625
419.73868346214294
420.3253800868988
420.9113025665283
421.5295252799988
422.10528469085693
422.8118255138397
423.3493959903717
423.97654247283936
424.5877070426941
425.27322268486023
425.870765209198
426.4927864074707
427.0813820362091
427.64204382896423
428.2633466720581
428.82467770576477
429.5052652359009
429.98014760017395
430.55879044532776
431.18666768074036
431.83137583732605
432.4312415122986
433.0110032558441
433.61917757987976
434.23993492126465
434.87783312797546
435.43178963661194
436.02750873565674
436.7100832462311
437.395964384079
438.1392698287964
438.7661509513855
439.3885328769684
439.99753642082214
440.5998830795288
441.2001221179962
441.78686594963074
442.3718066215515
442.9846022129059
443.5633087158203
444.0752568244934
444.7222902774811
445.31525349617004
445.91139101982117
446.57162499427795
447.1717641353607
447.80236887931824
448.41826152801514
449.0352976322174
449.6254711151123
450.1702175140381
450.90682196617126
451.97965598106384
452.6436412334442
453.3751931190491
454.0117700099945
454.6258316040039
455.17580914497375
455.8082182407379
456.42923378944397
456.97255182266235
457.57709527015686
458.22549057006836
458.7616038322449
459.2989809513092
459.8739445209503
460.45235681533813
461.06356263160706
461.67384791374207
462.195326089859
462.8106470108032
463.44789814949036
464.05990529060364
464.7701416015625
465.3762924671173
466.19108271598816
467.0754933357239
467.836510181427
468.4748387336731
469.19246888160706
470.0137438774109
470.70755076408386
471.74254035949707
472.46150183677673
473.10870003700256
473.729204416275
474.3094847202301
474.821692943573
475.4429888725281
475.9810435771942
476.5519115924835
477.11382126808167
477.7901599407196
478.4030396938324
479.0792746543884
479.7776117324829
480.4657371044159
481.13224601745605
481.7569887638092
482.3590486049652
483.05189538002014
483.6588046550751
484.2463381290436
484.9431300163269
485.49499797821045
486.20947909355164
486.82784700393677
487.3525779247284
487.96370124816895
488.6274678707123
489.27366185188293
489.8317904472351
490.40795707702637
491.0325667858124
491.6230230331421
492.28299498558044
493.1043884754181
493.833443403244
494.4282691478729
495.0178818702698
495.5677056312561
496.17320013046265
496.69575691223145
497.39200806617737
498.0246798992157
498.6715040206909
499.26758670806885
499.8995621204376
500.547634601593
501.17385840415955
501.7568418979645
502.38668298721313
502.992547750473
503.69565868377686
504.1764531135559
504.7407648563385
505.36380219459534
505.91072177886963
506.6512064933777
507.17734384536743
507.78688168525696
508.40736269950867
509.0551619529724
509.72611594200134
510.3873484134674
510.9780361652374
511.6448550224304
512.1575756072998
512.7565381526947
513.257385969162
514.0108194351196
514.7419629096985
515.2566475868225
515.8860495090485
516.4772198200226
517.1297941207886
517.7718963623047
518.491937160492
519.0985386371613
519.7156510353088
520.3573670387268
521.0734565258026
521.7703886032104
522.3536214828491
522.9863891601562
523.539345741272
524.1449067592621
524.837340593338
525.5266463756561
526.1102564334869
526.7655205726624
527.2733628749847
527.913720369339
528.4425518512726
528.997720003128
529.6315987110138
530.2224657535553
530.9653899669647
531.4731302261353
532.0353426933289
532.6456253528595
533.1804685592651
533.7994523048401
534.4834055900574
535.0783417224884
535.6884391307831
536.2812950611115
536.8329813480377
537.3958904743195
