26.332160472869873
26.752914428710938
27.13916516304016
27.5788414478302
27.831687688827515
28.11713457107544
28.48474669456482
28.73238706588745
28.960448741912842
29.245089769363403
29.478516340255737
29.726569890975952
29.9633309841156
30.198800325393677
30.510074853897095
30.738502025604248
31.03912329673767
31.282034158706665
31.536876440048218
31.747092247009277
31.97016978263855
32.24047517776489
32.49138259887695
32.737247467041016
33.0062415599823
33.22758173942566
33.42414307594299
33.613736391067505
33.844916105270386
34.04538083076477
34.23568892478943
34.490174770355225
34.73345136642456
34.9675133228302
35.2348837852478
35.437941789627075
35.61136174201965
35.7818877696991
35.95917510986328
36.21175456047058
36.44293713569641
36.65864396095276
36.8959858417511
37.182284116744995
37.428229093551636
37.6589994430542
37.84846520423889
38.298983573913574
38.55309224128723
38.786598443984985
39.03897571563721
39.33988666534424
39.58371353149414
39.83686065673828
40.07789611816406
40.374263286590576
40.655795097351074
41.00606894493103
41.2800726890564
41.55065131187439
41.79272723197937
42.049206018447876
42.31435585021973
42.639724254608154
42.90019392967224
43.15119743347168
43.36938714981079
43.57464575767517
43.767279386520386
44.11681246757507
44.413508892059326
44.68704795837402
45.00994801521301
45.302717447280884
45.58775591850281
45.89170813560486
46.20417261123657
46.464969873428345
46.71083402633667
47.070743560791016
47.365421533584595
47.6637909412384
47.940736532211304
48.20224118232727
48.45612645149231
48.72216773033142
49.01254057884216
49.37593173980713
49.80134963989258
50.04757356643677
50.264220237731934
50.48709034919739
50.77307057380676
51.09068465232849
51.38047981262207
51.62267804145813
51.85237455368042
52.087507486343384
52.32427787780762
52.58025550842285
52.818822622299194
53.0783748626709
53.29494667053223
53.81062626838684
54.10347867012024
54.37170386314392
54.635029554367065
54.88376188278198
55.16260886192322
55.423322916030884
55.67933225631714
55.973787784576416
56.23662805557251
56.51289105415344
56.795193910598755
57.04752802848816
57.31206250190735
57.591941356658936
57.85503172874451
58.136186361312866
58.37823557853699
58.647512674331665
58.92372941970825
59.183393478393555
59.43791937828064
59.70718812942505
60.00174570083618
60.25333905220032
60.53519892692566
60.78618860244751
61.071656703948975
61.41757607460022
61.663029193878174
61.88839292526245
62.11143136024475
62.32639455795288
62.587026596069336
62.913113832473755
63.155441999435425
63.44860601425171
63.68095350265503
63.91505455970764
64.16729187965393
64.49653553962708
64.81906819343567
65.12397193908691
65.41907787322998
65.69407176971436
65.96822953224182
66.24813961982727
66.50837659835815
66.76280879974365
67.13626980781555
67.51747107505798
67.78726100921631
68.06387567520142
68.33393025398254
68.63334155082703
68.9828143119812
69.29783964157104
69.83394145965576
71.32256841659546
71.47314548492432
71.7203438282013
72.044189453125
72.32766103744507
72.59076046943665
72.86597418785095
73.14147615432739
73.41162610054016
73.70023727416992
73.94576597213745
74.2144296169281
74.48679876327515
74.74284553527832
75.00066566467285
75.25252056121826
75.58163356781006
75.84915971755981
76.11254405975342
76.39877223968506
76.69206666946411
76.93877911567688
77.18522644042969
77.45084619522095
77.71545696258545
77.98832941055298
78.26142978668213
78.53878784179688
78.81514525413513
79.08959531784058
79.38095545768738
79.64496350288391
79.8593053817749
80.07800936698914
80.33739948272705
80.60561466217041
80.85440015792847
81.09236097335815
81.33073091506958
81.55166506767273
81.81301641464233
82.04106712341309
82.25873517990112
82.49660325050354
82.77909398078918
83.0695481300354
83.33792400360107
83.58395719528198
83.86633539199829
84.16064357757568
84.4192967414856
84.61257839202881
84.81514382362366
85.00120759010315
85.17999362945557
85.37313413619995
85.59969234466553
85.79102969169617
85.9774374961853
86.19980502128601
86.38240003585815
86.79211235046387
87.07126021385193
87.3490035533905
87.66669702529907
87.95433235168457
88.23550033569336
88.5384886264801
88.82410717010498
89.10522246360779
89.36973190307617
89.67208528518677
89.95719528198242
90.21801733970642
90.47156715393066
90.77266526222229
91.05313301086426
91.33109879493713
91.63863563537598
91.97687363624573
92.29750895500183
92.63084578514099
92.99358344078064
93.32641649246216
93.59684944152832
93.85595607757568
94.11578154563904
94.36810564994812
94.68447613716125
94.93562293052673
95.22262811660767
95.60363459587097
95.9272403717041
96.25051951408386
96.54958200454712
96.86724495887756
97.18784403800964
97.4980218410492
97.80571556091309
98.26075720787048
98.55424904823303
98.84747266769409
99.13276600837708
99.40087819099426
99.67210602760315
99.9346604347229
100.22743439674377
100.50189399719238
100.77499341964722
101.0704755783081
101.32027125358582
101.5649049282074
101.87153673171997
102.20032119750977
102.50788688659668
102.82811093330383
103.13501358032227
103.44826245307922
103.7557008266449
104.05906748771667
104.3343997001648
104.59067153930664
104.8606686592102
105.1723735332489
105.46295595169067
105.73974466323853
106.0334734916687
106.34450364112854
106.61563062667847
106.88664436340332
107.17661142349243
107.49812626838684
107.78965163230896
108.05832481384277
108.39340090751648
108.7698974609375
109.06794953346252
109.37876510620117
109.68831729888916
109.99169111251831
110.29337072372437
110.60713005065918
110.91643452644348
111.21533870697021
111.52205443382263
111.83404970169067
112.15195798873901
112.45435452461243
112.78031992912292
113.0368344783783
113.30518770217896
113.56562376022339
113.81762790679932
114.09185314178467
114.34363842010498
114.61500644683838
114.87632846832275
115.14839935302734
115.39759874343872
115.6500129699707
115.94246530532837
116.28389835357666
116.59929609298706
116.90743780136108
117.41590309143066
117.72996854782104
118.0251317024231
118.28066349029541
118.54120445251465
118.88870072364807
119.21396565437317
119.50751209259033
119.84739279747009
120.1269040107727
120.41511750221252
120.60922002792358
120.80831265449524
121.21579480171204
121.56521558761597
121.93017220497131
122.21795201301575
122.5676019191742
122.90129232406616
123.24752759933472
123.65572881698608
123.97543787956238
124.29395174980164
124.66247272491455
125.0007381439209
125.31626439094543
125.63755631446838
125.93741106987
126.56080484390259
126.86223006248474
127.16857838630676
127.48668718338013
127.79472160339355
128.13088655471802
128.444979429245
128.76630806922913
129.0717089176178
129.38665294647217
129.68401718139648
129.90884590148926
130.12477469444275
130.33087253570557
130.54487562179565
130.7529513835907
130.97054767608643
131.2606644630432
131.53144526481628
131.80071592330933
132.07626843452454
132.36876225471497
132.65445041656494
132.97801303863525
133.25265097618103
133.58039331436157
133.8725504875183
134.1160888671875
134.37116932868958
134.70214700698853
135.0257284641266
135.32146739959717
135.6270513534546
135.9215750694275
136.23793363571167
136.55406856536865
136.87144804000854
137.16216468811035
137.46269512176514
137.79001641273499
138.12049412727356
138.48650407791138
138.79489707946777
139.07213616371155
139.36860823631287
139.6967966556549
140.02330255508423
140.33504843711853
140.63986158370972
141.0153684616089
141.32612538337708
141.67734670639038
141.99574756622314
142.33740830421448
142.64943766593933
142.99215650558472
143.3736879825592
143.73964023590088
144.04892683029175
144.3267240524292
144.56844186782837
144.79177737236023
145.0384931564331
145.34371542930603
145.67603158950806
146.1245265007019
146.47753047943115
146.83150720596313
147.17497301101685
147.5237009525299
147.88825964927673
148.22227716445923
148.61625695228577
149.0710964202881
149.39598488807678
149.74101877212524
150.033931016922
150.34712934494019
150.63128447532654
150.9035792350769
151.17989349365234
151.47423791885376
151.89958214759827
152.19054698944092
152.50473856925964
152.80338668823242
153.10330080986023
153.38435006141663
153.6702597141266
154.04311227798462
154.49946236610413
154.78468084335327
155.19150280952454
155.44819808006287
155.68190741539001
155.9112422466278
156.1622223854065
156.39180302619934
156.6961944103241
156.95198249816895
157.26847982406616
157.56325578689575
158.86793184280396
159.14190864562988