30.115872859954834
30.535755157470703
30.754417657852173
30.962198972702026
31.247095823287964
31.500184059143066
32.1419882774353
32.39523458480835
32.61469006538391
32.87677597999573
33.173375606536865
33.40084099769592
33.640899658203125
33.85843515396118
34.08888506889343
34.322089195251465
34.58700084686279
34.84126329421997
35.378268241882324
35.59417963027954
35.839619636535645
36.10749697685242
36.35019898414612
36.60629916191101
36.92042851448059
37.16956663131714
37.528122901916504
37.80488705635071
38.13566565513611
38.373037815093994
38.60845422744751
38.830586433410645
39.05181050300598
39.309253454208374
39.67884826660156
39.93231463432312
40.22097063064575
40.50374412536621
40.75362682342529
41.01408410072327
41.24730920791626
41.45323443412781
41.76871109008789
42.004504442214966
42.25450611114502
42.559168338775635
42.73347520828247
42.98565053939819
43.255998611450195
43.55675935745239
43.80282711982727
44.100024700164795
44.37472343444824
44.7043879032135
45.007925033569336
45.411888122558594
45.6569709777832
45.97305393218994
46.228001832962036
46.49389123916626
46.741575479507446
47.014686822891235
47.2666175365448
47.54632329940796
47.825342655181885
48.13869905471802
48.41382098197937
48.71198892593384
48.976773500442505
49.212663650512695
49.49576663970947
49.81532955169678
50.04139757156372
50.28145098686218
50.51442742347717
50.766600131988525
51.068357944488525
51.31742191314697
51.58344841003418
51.8828501701355
52.142499923706055
52.418967485427856
52.706866979599
52.99042844772339
53.19412064552307
53.416154861450195
53.67209815979004
53.913851499557495
54.20788216590881
54.481842041015625
54.926831007003784
55.20827579498291
55.47701692581177
55.792800426483154
56.08170008659363
56.394089698791504
56.692856311798096
56.97841167449951
57.25818920135498
57.521276235580444
57.81388521194458
58.10972809791565
58.370551347732544
58.6205575466156
58.825583696365356
59.04271578788757
59.31154537200928
59.574298620224
59.84560203552246
60.126391887664795
60.35020613670349
60.595069885253906
60.83371615409851
61.05700087547302
61.29701519012451
61.5324387550354
61.77197337150574
62.008214712142944
62.232115745544434
62.48289251327515
62.73699331283569
62.99229073524475
63.24202227592468
63.52225947380066
63.823933124542236
64.08749580383301
64.35271978378296
64.591055393219
64.8587532043457
65.11343431472778
65.4892930984497
65.83094716072083
66.05772280693054
66.29687428474426
66.57222819328308
66.81288766860962
67.02398610115051
67.242999792099
67.45872664451599
67.68508839607239
67.89355206489563
68.14499831199646
68.38333582878113
68.60184621810913
68.82942461967468
69.1046769618988
69.39367938041687
69.64344120025635
70.02386498451233
70.27346992492676
70.5076813697815
70.75733971595764
71.00676465034485
71.33323287963867
71.62401676177979
71.90482997894287
72.15692138671875
72.3560118675232
72.44305038452148
72.52553033828735
72.6057665348053
72.69843006134033
72.78113722801208
72.86317873001099
72.9444146156311
73.02586507797241
73.12044191360474
73.23455262184143
73.32287979125977
73.47679257392883
73.77826356887817
74.07918953895569
74.32782006263733
74.58810520172119
74.80657386779785
75.01010751724243
75.2621579170227
75.57063102722168
75.84577798843384
76.17655682563782
76.4732620716095
76.82189965248108
77.09960460662842
77.37744545936584
77.63395142555237
77.92463755607605
78.21944093704224
78.51193881034851
78.78235793113708
79.00035953521729
79.26053404808044
79.53543257713318
79.8247582912445
80.0684814453125
80.32216477394104
80.60875082015991
80.8461241722107
81.06147599220276
81.31859540939331
81.59727597236633
81.78040194511414
81.98998069763184
82.28821682929993
82.61820864677429
82.92362713813782
83.21341514587402
83.48352646827698
83.7348701953888
83.94859623908997
84.18313670158386
84.39960789680481
84.61333990097046
84.8266875743866
85.10245776176453
85.36449337005615
85.57310509681702
85.75800251960754
85.94950938224792
86.16460084915161
86.42116713523865
86.71515488624573
87.00533699989319
87.27184224128723
87.51734519004822
87.79538202285767
88.04619145393372
88.304758310318
88.56312274932861
88.8266966342926
89.14374375343323
89.60896372795105
89.99581956863403
90.30241179466248
90.5793890953064
90.84333372116089
91.21532344818115
91.55730366706848
91.85316228866577
92.1333520412445
92.3708028793335
92.6530909538269
93.00690984725952
93.22607946395874
93.54443907737732
93.81091642379761
94.0257260799408
94.2445719242096
94.47224569320679
94.71290826797485
94.95324945449829
95.2074556350708
95.42560315132141
95.74977469444275
95.96894216537476
96.28617715835571
96.68175220489502
96.93963479995728
97.21453928947449
97.49832129478455
97.78700566291809
98.109938621521
98.41947865486145
98.69163107872009
98.90929079055786
99.20041036605835
99.50442457199097
99.83489799499512
100.10620951652527
100.34067893028259
100.58273839950562
100.82115054130554
101.0304594039917
101.24313688278198
101.4593300819397
101.67367124557495
101.90870070457458
102.1972918510437
102.44516396522522
102.72569060325623
102.98314690589905
103.27267694473267
103.57261157035828
103.94794297218323
104.4139564037323
105.00644445419312
105.26019930839539
105.61856245994568
105.90710067749023
106.16330051422119
106.44239830970764
106.77463221549988
107.05533361434937
107.36773419380188
107.64922428131104
107.96659183502197
108.24933123588562
108.53390288352966
108.82007646560669
109.12367916107178
109.36527562141418
109.60107088088989
109.90284824371338
110.17171621322632
110.4162437915802
110.68776297569275
110.99500226974487
111.22586965560913
111.50217580795288
111.73940467834473
112.01732158660889
112.29973578453064
112.5077772140503
112.72488236427307
113.08227705955505
113.34774684906006
113.63252568244934
113.93938636779785
114.21774673461914
114.62089252471924
114.87368249893188
115.15321111679077
115.36706566810608
115.65752506256104
115.96282887458801
116.253253698349
116.55178689956665
116.8493013381958
117.1256091594696
117.51430797576904
117.87571859359741
118.16400480270386
118.38334512710571
118.6261031627655
118.97816729545593
119.37101912498474
119.6503643989563
119.9664421081543
120.23269128799438
120.52011322975159
120.84230923652649
121.08375978469849
121.33567452430725
121.60125970840454
121.87034463882446
122.17327427864075
122.437979221344
122.73853826522827
123.01634097099304
123.25710129737854
123.48362565040588
123.71098208427429
123.98087787628174
124.25257754325867
124.52220559120178
124.81226372718811
125.08888626098633
125.3770399093628
125.61797165870667
125.84204244613647
126.1449625492096
126.45896649360657
126.78092956542969
127.10053253173828
127.39980459213257
127.65772819519043
127.9288501739502
128.21463179588318
128.48853731155396
128.77241706848145
129.07397770881653
129.38661980628967
129.60029578208923
129.8550968170166
130.0846254825592
130.42302870750427
130.78638243675232
131.0505723953247
131.33569407463074
131.6487684249878
131.90586972236633
132.16489052772522
132.45564484596252
132.774671792984
133.09927463531494
133.3968243598938
133.63993382453918
134.02894830703735
134.31927704811096
134.6291949748993
134.87669277191162
135.1254289150238
135.39853477478027
135.78629994392395
136.08597993850708
136.4434540271759
137.30379247665405
137.8967924118042
138.3089723587036
138.62253832817078
138.9515266418457
139.25584936141968
139.5802800655365
139.85620427131653
140.15083718299866
140.50776386260986
140.81353092193604
141.11619663238525
141.37217617034912
141.6163148880005
141.85698294639587
142.11024141311646
142.34606504440308
142.59132266044617
142.84891724586487
143.13568544387817
143.36694073677063
143.6167299747467
143.86133074760437
144.0984013080597
144.32888913154602
144.58206343650818
144.8232924938202
145.06507205963135
145.33971905708313
145.61319661140442
145.9073405265808
146.19956350326538
146.50894737243652
146.77201390266418
147.02899765968323
147.32277417182922
147.62726283073425
147.94099235534668
148.17167353630066
148.65227913856506
148.99706554412842
149.28116583824158
149.581561088562
149.80632281303406
150.0312943458557