29.326515436172485
29.843058347702026
30.26907444000244
30.69328284263611
31.293511390686035
31.690515518188477
32.080880880355835
32.44878888130188
32.85392451286316
33.28216528892517
33.66146516799927
34.042020320892334
34.48002910614014
34.92239046096802
35.36089563369751
35.77664852142334
36.22704720497131
36.65453219413757
37.064345598220825
37.47121047973633
37.88137412071228
38.28430128097534
38.71031045913696
39.05644226074219
39.473960638046265
39.88011908531189
40.278759479522705
40.6672158241272
41.127503633499146
41.513368368148804
41.95700764656067
42.34554100036621
42.74059057235718
43.15276837348938
43.57443356513977
43.95874047279358
44.344319581985474
44.82713532447815
45.27356481552124
45.68887662887573
46.090935707092285
46.56701922416687
46.98014569282532
47.387404441833496
47.882559299468994
48.34463572502136
48.7143657207489
49.16269850730896
49.57679986953735
49.97267174720764
50.43371915817261
50.89562749862671
51.27669143676758
51.78040099143982
52.203333377838135
52.62617754936218
53.06220030784607
53.47892880439758
53.917415618896484
54.363598108291626
54.70165228843689
55.110209465026855
55.42582035064697
55.808446645736694
56.23757338523865
56.64103603363037
57.05292820930481
57.42704963684082
57.77128076553345
58.21212387084961
58.63820934295654
59.002851724624634
59.40794563293457
59.88758158683777
60.285884857177734
60.71184968948364
61.146597385406494
61.568763971328735
62.0561625957489
62.454901456832886
62.815648794174194
63.27896976470947
63.68691158294678
64.12349104881287
64.58620762825012
65.00538682937622
65.45486783981323
65.91382694244385
66.333993434906
66.82707571983337
67.2580955028534
67.75454187393188
68.16755080223083
68.52768278121948
68.96268010139465
69.38008761405945
69.82559418678284
70.24020743370056
70.58318042755127
70.9509425163269
71.36354875564575
71.7841203212738
72.19022369384766
72.66680836677551
73.07112574577332
73.41182732582092
73.82418584823608
74.22612237930298
74.66009569168091
75.13375544548035
75.56490015983582
75.99929332733154
76.47128129005432
76.90914273262024
77.3598563671112
77.7920069694519
78.25079441070557
78.69119167327881
79.10212731361389
79.56605410575867
80.04333853721619
80.53946113586426
81.04542946815491
81.48211812973022
81.89462280273438
82.42509055137634
82.82840394973755
83.3023111820221
83.70607137680054
84.1810405254364
84.6652283668518
85.13002800941467
85.55414986610413
86.01920294761658
86.42312240600586
86.85518288612366
87.35416793823242
87.7947130203247
88.25989985466003
88.65145015716553
89.12857413291931
89.58454251289368
90.02927255630493
90.44599342346191
90.9146819114685
91.32952904701233
91.7179503440857
92.18274641036987
92.62537860870361
93.10141229629517
93.5150740146637
93.86167860031128
94.29960799217224
94.75727343559265
95.23198747634888
95.72272777557373
96.09865808486938
96.55396509170532
96.93294477462769
97.46680212020874
97.9039032459259
98.29521775245667
98.67769837379456
99.12727880477905
99.56830716133118
100.02611041069031
100.43349647521973
100.891282081604
101.33682560920715
101.7772605419159
102.22531366348267
102.73403191566467
103.0753743648529
103.53661370277405
104.01190495491028
104.43023085594177
104.86266255378723
105.34091281890869
105.77982950210571
106.18264651298523
106.57700777053833
106.92118191719055
107.32224822044373
107.82484793663025
108.26127505302429
108.60295128822327
109.07756090164185
110.82255697250366
111.13525938987732
111.43503427505493
111.84709358215332
112.28100657463074
112.68677639961243
113.12276530265808
113.55608987808228
114.01538228988647
114.42611241340637
114.89873480796814
115.31586956977844
115.74931311607361
116.2171573638916
116.63612651824951
117.09531092643738
117.48360848426819
117.89336514472961
118.3189160823822
118.75200867652893
119.133549451828
119.53888940811157
120.01425814628601
120.41150188446045
120.8452308177948
121.26264262199402
121.70276069641113
122.16757011413574
122.50872564315796
123.00906872749329
123.43308877944946
123.87248873710632
124.35425734519958
124.80186438560486
125.16323208808899
125.60183048248291
125.99984741210938
126.33698916435242
126.80564832687378
127.315762758255
127.75212454795837
128.2147400379181
128.56409168243408
128.97016191482544
129.38979864120483
129.78467464447021
130.2597508430481
130.64003205299377
131.06419324874878
131.50907182693481
131.9379243850708
132.33777928352356
132.8296344280243
133.24147987365723
133.69450545310974
134.10741066932678
134.54247903823853
134.90194606781006
135.2673418521881
135.67908191680908
136.14004850387573
136.4829158782959
136.87498879432678
137.25718235969543
137.66384434700012
138.07795906066895
138.4730908870697
138.89745330810547
139.36331963539124
139.83059787750244
140.24776482582092
140.67954802513123
141.16423106193542
141.516774892807
141.95482063293457
142.37108159065247
142.77004647254944
143.125648021698
143.5543918609619
143.92110562324524
144.40905499458313
144.83674716949463
145.25893187522888
145.66473126411438
146.0257911682129
146.4104835987091
146.89371848106384
147.27977895736694
147.62997698783875
148.11728739738464
148.49242496490479
148.9993634223938
149.42946076393127
149.88800048828125
150.35370445251465
150.7896270751953
151.18361830711365
151.6410825252533
152.09159350395203
152.56324791908264
152.96913766860962
153.37708640098572
153.8476881980896
154.31291508674622
154.7693247795105
155.1939995288849
155.63747692108154
156.06700921058655
156.4791488647461
156.85053205490112
157.2773621082306
157.70908904075623
158.18230938911438
158.66727995872498
159.1103217601776
159.52924847602844
159.92262935638428
160.33755159378052
160.8039107322693
161.15245127677917
161.6289029121399
162.0769646167755
162.5421645641327
162.97985410690308
163.39840364456177
163.83189249038696
164.3947558403015
164.93145060539246
165.42793798446655
165.80041551589966
166.16508173942566
166.65054631233215
166.96285462379456
167.35309505462646
167.87475681304932
168.31841683387756
168.74380803108215
169.15357494354248
169.91117095947266
170.29096055030823
170.69241333007812
171.10154461860657
171.49538898468018
171.86700654029846
172.2628026008606
172.62905406951904
173.02307605743408
173.37640237808228
173.7314338684082
174.0692162513733
174.50039148330688
174.82219529151917
175.23440837860107
175.68693041801453
176.12083220481873
176.54099655151367
176.99022436141968
177.35530924797058
177.74283266067505
178.14899325370789
178.60909914970398
179.05647325515747
179.58237218856812
180.00756859779358
180.48633670806885
180.8291802406311
181.24651646614075
181.6199460029602
181.9703381061554
182.3540358543396
182.86874651908875
183.20663356781006
183.58520650863647
184.0147225856781
184.4986448287964
184.9704954624176
185.29724431037903
185.74048614501953
186.14121055603027
186.65116024017334
187.06008744239807
187.52033305168152
188.02661323547363
188.51483726501465
188.89085173606873
189.42524218559265
189.8839008808136
190.312025308609
190.79044651985168
191.29857897758484
191.76839470863342
192.20830464363098
192.62755417823792
193.02754068374634
193.49448537826538
193.91574883460999
194.38327527046204
194.84415936470032
195.22763681411743
195.69630599021912
196.12641286849976
196.59592413902283
197.02935147285461
197.45874500274658
197.91781330108643
198.36675095558167
198.84538292884827
199.29808831214905
199.73191213607788
200.12440085411072
200.54664587974548
201.03624296188354
201.48171520233154
201.85939621925354
202.34077787399292
202.74716806411743
203.18318557739258
203.65062379837036
204.09765696525574
204.51597547531128
205.02371430397034
205.53410816192627
205.93743419647217
206.39693093299866
206.90733003616333
207.38892531394958
207.8488209247589
208.27825927734375
208.68831634521484
209.1527280807495
209.62013602256775
210.0862157344818
210.61283349990845
211.06606793403625
211.51286721229553
211.96587467193604
212.43638682365417
212.87033224105835
213.3009741306305
213.78066778182983
214.32246947288513
214.8400158882141
215.40736961364746
215.9556097984314
216.43134450912476
216.90433168411255
217.39804244041443
217.87441325187683
218.34000849723816
218.80237531661987
219.27724981307983
219.72842073440552
220.2119174003601
220.696435213089
221.14373087882996
221.64234113693237
222.33268785476685
222.75525856018066
223.277339220047
223.70346236228943
224.19279670715332
224.80918669700623
225.4074170589447
225.92248558998108
226.43840622901917
226.90136742591858
227.4285271167755
227.91629099845886
228.3239266872406
228.8206660747528
229.37097334861755
229.9712779521942
230.39329171180725
230.8965539932251
231.43743753433228
232.01883792877197
232.44557404518127
232.91949558258057
233.34988141059875
233.8185806274414
234.25522017478943
234.7305567264557
235.21043491363525
235.64324021339417
236.1732451915741
236.65731859207153
237.1795563697815
237.73290824890137
238.3356523513794
238.77371311187744
239.22807812690735
239.6689636707306
240.11083912849426
240.557026386261
241.02649641036987
241.5757496356964
242.09599137306213
242.5776104927063
243.00540471076965
243.42779350280762
244.09288430213928
244.52110600471497
244.9804449081421
245.3641541004181
245.72904562950134
246.23712873458862
246.6135790348053
246.92649722099304
247.32987236976624
247.78104257583618
248.22613501548767
248.61086297035217
249.08869886398315
249.45726370811462
249.86351037025452
250.47431302070618
250.85830783843994
251.32096815109253
251.76816630363464
252.12890195846558
252.49383783340454
252.87564206123352
253.29583382606506
253.7312707901001
254.30393195152283
254.75361108779907
255.13167929649353
255.59459328651428
256.07199573516846
256.5107469558716
256.9918706417084
257.4620769023895
257.913565158844
258.39835953712463
258.7707521915436
259.2408301830292
259.6983721256256
260.10927867889404
260.4579885005951
260.7978444099426
261.19150161743164
261.62242579460144
262.1428427696228
262.57503032684326
262.97269678115845
263.41468691825867
263.8307864665985
264.30965304374695
264.707079410553
265.1269977092743
265.57514929771423
266.02910590171814
266.489461183548
266.8998336791992
267.33474230766296
267.75191283226013
268.18110728263855
268.61761140823364
269.02672576904297
269.43657517433167
269.83994698524475
270.25432562828064
270.7258038520813
271.106481552124
271.57882380485535
272.0467517375946
272.3883464336395
272.8427565097809
273.2337980270386
273.71180152893066
274.06481671333313
274.4749538898468
274.85394740104675
275.25218415260315
275.72735619544983
276.12968039512634
276.60384464263916
276.95862579345703
277.33272910118103
277.7090332508087
278.1120162010193
278.5719211101532
278.93915247917175
279.4582281112671
280.01127886772156
280.49078726768494
280.96250319480896
281.41751503944397
281.90725326538086
282.4103925228119
282.7572329044342
283.20860028266907
283.6893467903137
284.1492314338684
284.5368251800537
285.00838565826416
285.40306663513184
285.78236389160156
286.30837202072144
286.73698687553406
287.17950224876404
287.6736478805542
288.11442971229553
288.67942357063293
289.1535131931305
289.9408006668091
290.2176790237427
290.7347004413605
291.2239761352539
291.8044717311859
292.3565285205841
292.7313230037689
293.1707875728607
293.65590596199036
294.09315943717957
294.6393139362335
295.0118067264557
295.4410047531128
295.87801241874695
296.2777290344238
296.71710443496704
297.16519689559937
297.72153186798096
298.557870388031
298.7482087612152
299.17100644111633
299.66001987457275
300.1511290073395
300.47964453697205
301.00603771209717
301.42228627204895
301.87001371383667
302.28445744514465
302.6974654197693
303.1146881580353
303.68837881088257
304.10725808143616
304.45741057395935
304.9877769947052
305.40927267074585
305.88373613357544
306.2646105289459
306.86492013931274
307.28273129463196
307.68918919563293
308.11315298080444
308.5194556713104
308.94969749450684
309.44002628326416
309.93184781074524
310.4412200450897
310.93376564979553
311.44692063331604
311.89435362815857
312.3971812725067
312.8868029117584
313.33360719680786
313.8822889328003
314.30316185951233
314.76669430732727
315.24414443969727
315.6822974681854
316.2371561527252
316.693142414093
317.18661189079285
317.6638894081116
318.1381821632385
318.6665325164795
319.1213970184326
319.5815122127533
320.1038656234741
320.49302434921265
320.8379535675049
321.1753797531128
321.55757308006287
321.88658618927
322.25929045677185
322.6432855129242
322.9747681617737
323.4029302597046
323.73027539253235
324.21808195114136
324.7692587375641
325.62171483039856
326.1207971572876
326.7081334590912
327.2155702114105
327.71389269828796
328.1958062648773
328.77448892593384
329.0926055908203
329.74227571487427
330.16947531700134
330.6562469005585
331.1031172275543
331.53121280670166
331.97438406944275
332.51375794410706
332.8885455131531
333.2535333633423
333.59199810028076
333.89823150634766
334.25565338134766
334.7062728404999
335.19125175476074
335.619179725647
336.00276827812195
336.39174151420593
336.7559561729431
337.1124801635742
337.47400426864624
338.08944821357727
338.50745582580566
338.97415947914124
339.4944517612457
339.9446852207184
340.5749909877777
340.98938155174255
341.35408210754395
341.71895837783813
343.29826855659485
345.0967969894409
348.59498143196106
349.13007950782776
349.7539219856262
350.2273302078247
350.6704807281494
351.1279354095459
351.8132891654968
352.19456458091736
353.0482907295227
357.87147212028503
358.1459426879883
359.38746190071106
362.3422338962555
