27.11308789253235
27.95381259918213
28.669007062911987
29.255793809890747
29.78877830505371
30.361756563186646
30.987351655960083
31.56880497932434
32.25136184692383
32.877763748168945
33.48554968833923
34.08035326004028
34.604408264160156
35.14733552932739
35.68481254577637
36.248106718063354
37.046497106552124
37.71757435798645
38.34782099723816
38.951027154922485
39.64062309265137
40.32401776313782
40.97165632247925
41.547648668289185
42.34438920021057
42.99807143211365
43.48569941520691
44.070913791656494
44.72263526916504
45.2629668712616
45.99759221076965
46.58499264717102
47.22517108917236
47.79665231704712
48.3836874961853
48.939143657684326
49.54375100135803
50.16520357131958
50.76901197433472
51.37520885467529
52.038262605667114
52.59299612045288
53.245362758636475
53.89352869987488
54.458083629608154
55.0432825088501
55.65538430213928
56.25541591644287
56.92738437652588
57.444201707839966
58.05932402610779
58.715697288513184
59.268035650253296
59.788519620895386
60.394269704818726
61.02827858924866
61.590800285339355
62.14953947067261
62.73424482345581
63.30787801742554
63.868648290634155
64.46045112609863
65.0973572731018
65.70538973808289
66.295480966568
66.90873265266418
67.56407618522644
68.13321113586426
68.76000952720642
69.37389731407166
69.96310210227966
70.53280305862427
71.160560131073
71.87311887741089
72.44221568107605
73.07668209075928
73.71115779876709
74.27571868896484
74.81555700302124
75.48864650726318
76.1145806312561
76.71311926841736
77.2772045135498
77.90971517562866
78.54992771148682
79.03431034088135
79.6237063407898
80.2322587966919
80.78624653816223
81.38676953315735
81.97463941574097
82.59459042549133
83.24841070175171
83.8323884010315
84.44971466064453
85.04280495643616
85.6669750213623
86.3690595626831
86.96368598937988
87.56231617927551
88.23300814628601
88.88717293739319
89.43692016601562
90.02882480621338
90.62853789329529
91.2341821193695
91.79630756378174
92.45991253852844
93.07347798347473
93.791006565094
94.37627482414246
95.0207302570343
95.60056042671204
96.23880743980408
96.8475034236908
97.39236640930176
97.95508813858032
98.53954434394836
99.09101891517639
99.71990704536438
100.31647896766663
100.89563608169556
101.44992589950562
101.99478602409363
102.597651720047
103.15646743774414
103.77912378311157
104.33894634246826
105.04964828491211
105.67212414741516
106.22883105278015
106.76510667800903
107.37645411491394
108.01811957359314
108.64726638793945
109.24742269515991
109.93493580818176
110.45852994918823
111.0313971042633
111.58234405517578
112.21146059036255
112.86924815177917
113.44512391090393
114.03982210159302
114.67695307731628
115.36586713790894
116.06545233726501
116.67980885505676
117.27976393699646
117.89924573898315
118.55526995658875
119.15228009223938
119.74493384361267
120.43263244628906
121.09431433677673
121.69011878967285
122.33986902236938
122.93902206420898
123.53852343559265
124.14772439002991
124.7744812965393
125.37309646606445
125.9895761013031
126.59738564491272
127.25259685516357
127.97953796386719
128.60902094841003
129.19846177101135
129.8584382534027
130.4504005908966
131.1379041671753
131.79103541374207
132.3906331062317
133.01414322853088
133.5970537662506
134.25084042549133
134.8284294605255
135.53583407402039
136.2249984741211
136.9144172668457
137.52843594551086
138.06798434257507
138.74004411697388
139.3662142753601
140.05296397209167
140.71413493156433
141.32831001281738
142.0152289867401
142.6403295993805
143.26352047920227
143.84682202339172
144.47018432617188
145.1329734325409
145.73007035255432
146.35948157310486
146.95381093025208
147.50568962097168
148.08514761924744
148.6384072303772
149.29571390151978
149.86755108833313
150.45511078834534
151.0346782207489
151.59184527397156
152.23459601402283
152.84576749801636
153.45815753936768
154.15292286872864
155.01221108436584
155.61052989959717
156.23738598823547
156.83546018600464
157.50598335266113
158.1311628818512
158.78278970718384
159.45074009895325
160.11108994483948
160.71899914741516
161.34351253509521
162.0946102142334
162.77645182609558
163.49773621559143
164.07567524909973
164.73324465751648
165.38799786567688
165.9969985485077
166.5685956478119
167.11862778663635
167.68960237503052
168.22163796424866
168.80894541740417
169.47148180007935
170.08291745185852
170.6569106578827
171.2034146785736
171.73674035072327
172.34540700912476
172.9432532787323
173.51801919937134
174.10512328147888
174.7549855709076
175.3539605140686
176.00265955924988
176.61703062057495
177.23770689964294
177.94634866714478
178.54098057746887
179.24210333824158
179.87010669708252
180.54880952835083
181.31971907615662
182.00180411338806
182.60145950317383
183.25844502449036
183.79776668548584
184.39778852462769
184.96463751792908
185.60325050354004
186.16888236999512
186.76855969429016
187.38608503341675
187.89863681793213
188.43691039085388
188.96543049812317
189.66060256958008
190.29301738739014
190.90591382980347
191.54079842567444
192.15228724479675
192.7734022140503
193.3365240097046
193.96930837631226
194.65215921401978
195.2763352394104
195.8621027469635
196.47916793823242
197.09126377105713
197.66767263412476
198.22962856292725
198.8003625869751
199.36587715148926
199.99826002120972
200.74479866027832
201.4079442024231
202.0988585948944
202.68111443519592
203.3235490322113
203.91348099708557
204.5886607170105
205.1096544265747
205.64158511161804
206.24103164672852
206.89270734786987
207.36423444747925
207.95244336128235
208.52157616615295
209.0894684791565
209.66391348838806
210.321879863739
210.97302508354187
211.59490704536438
212.24806451797485
212.83374786376953
213.45699405670166
214.08087849617004
214.6738166809082
215.22291588783264
215.859112739563
216.4403474330902
217.04902744293213
217.64482378959656
218.2115924358368
218.80772352218628
219.35737657546997
219.96748757362366
220.53675866127014
221.11694240570068
221.7123622894287
222.2880187034607
222.93055319786072
223.57603931427002
224.22505474090576
224.80720162391663
225.37299633026123
225.92324948310852
226.5018343925476
227.06962299346924
227.64925050735474
228.17330765724182
228.7119529247284
229.37258911132812
229.95094299316406
230.64509963989258
231.30212020874023
231.93772339820862
232.59235453605652
233.35206937789917
233.96700239181519
234.6197440624237
235.16657185554504
235.74347376823425
236.22969579696655
236.78169584274292
237.35691833496094
237.90970420837402
238.4335424900055
239.08690786361694
239.71361446380615
240.3320631980896
240.9529812335968
241.6033501625061
242.1747326850891
242.7090253829956
243.38549971580505
243.96777606010437
244.5633192062378
245.13596987724304
245.72421312332153
246.37378597259521
246.98228073120117
247.5105278491974
248.12938117980957
248.72589564323425
249.28332710266113
249.8726818561554
250.55437326431274
251.1843020915985
251.75684547424316
252.487220287323
253.19800400733948
253.9358479976654
254.74437427520752
255.3215048313141
255.90675234794617
256.5244572162628
257.14517998695374
257.7930374145508
258.4116690158844
259.0164849758148
259.68874859809875
260.2727961540222
260.8421890735626
261.4594376087189
262.05989694595337
262.62795901298523
263.2759234905243
263.9010031223297
264.5171711444855
265.20983481407166
265.7274684906006
266.31565165519714
266.90082263946533
267.52515625953674
268.2320604324341
268.92576932907104
269.5642113685608
270.1778190135956
270.7919445037842
271.46306133270264
272.1028492450714
272.70540380477905
273.2992510795593
274.0057020187378
274.5520956516266
275.2170572280884
275.82204580307007
276.46487164497375
277.1271777153015
277.8081924915314
278.41858649253845
279.1544260978699
279.67657709121704
280.30769205093384
280.97201347351074
281.60285997390747
282.2528212070465
282.87329030036926
283.57815051078796
284.08816623687744
284.6308135986328
285.2149727344513
285.9658591747284
286.5657045841217
287.1596999168396
287.80787110328674
288.37641072273254
288.9742422103882
289.56243920326233
290.11263370513916
290.6732096672058
291.26015734672546
291.87559509277344
292.5947217941284
293.2066373825073
293.92232275009155
294.47680282592773
295.18774342536926
296.7986648082733
297.5880937576294
298.1658718585968
299.075421333313
299.8477096557617
300.43489384651184
301.10379576683044
301.77277183532715
302.39653992652893
303.0647976398468
303.73582100868225
304.3092133998871
304.91427183151245
305.94952273368835
306.4540340900421
307.07658076286316
307.66592741012573
308.28635478019714
308.8523564338684
309.5160319805145
310.08214688301086
310.70109462738037
311.2651433944702
311.9113655090332
312.54437041282654
313.1221947669983
313.6911313533783
314.3363564014435
314.895649433136
315.43178391456604
316.0271234512329
316.565420627594
317.1836984157562
317.79336285591125
318.4290568828583
319.1828725337982
319.7523956298828
320.3804166316986
320.9105637073517
321.4578287601471
321.95061016082764
322.58338737487793
323.30974793434143
323.90128087997437
324.5724506378174
325.1953675746918
325.79065799713135
326.4120845794678
327.0370020866394
327.5588402748108
328.12220549583435
328.66596388816833
329.1548204421997
329.729709148407
330.3710153102875
331.0365777015686
331.7234699726105
332.3502411842346
332.94477677345276
333.54734444618225
334.16479086875916
334.755065202713
335.37469363212585
335.98066210746765
336.6307291984558
337.2516646385193
337.80514216423035
338.35762548446655
338.9321277141571
339.68057584762573
340.3688976764679
341.05012106895447
341.74133801460266
342.41037821769714
342.98338198661804
343.63302969932556
344.2924838066101
344.90957021713257
345.57404351234436
346.1890678405762
346.8666546344757
347.53257036209106
348.16398906707764
348.82236194610596
349.40833282470703
349.9976029396057
350.615065574646
351.2167594432831
351.7905104160309
352.384309053421
353.0299735069275
353.55258083343506
354.24448800086975
354.9592123031616
355.51035022735596
356.2390327453613
356.9189133644104
357.52895760536194
358.29117918014526
359.07645773887634
359.71280336380005
360.2658236026764
360.9574284553528
361.5448229312897
362.11853766441345
362.7411229610443
363.3243865966797
363.960088968277
364.641717672348
365.3131902217865
365.81057357788086
366.39105916023254
366.9430503845215
367.5163872241974
368.04183769226074
368.6379518508911
369.206827878952
369.94951033592224
370.54105281829834
371.18619203567505
371.91771697998047
372.51327562332153
373.04918003082275
373.59827280044556
374.18336391448975
374.7601218223572
375.4121811389923
376.08099937438965
376.8505675792694
377.50562167167664
378.11563301086426
378.72815203666687
379.48544359207153
380.01802229881287
380.7156283855438
381.6372048854828
382.3532872200012
382.9769606590271
383.6480278968811
384.32439374923706
384.96439123153687
385.6670751571655
386.2673170566559
386.93142914772034
387.57025599479675
388.21426606178284
388.8262269496918
389.52704524993896
390.11227083206177
390.6285009384155
391.22321796417236
391.7743127346039
392.4827563762665
392.9877107143402
393.55209612846375
394.22233152389526
394.8184940814972
395.4301290512085
396.2074978351593
396.8131654262543
397.504900932312
398.0905740261078
398.8000113964081
399.4808430671692
400.08003282546997
400.6517322063446
401.25054812431335
401.84777212142944
402.4977843761444
403.1106333732605
403.71323561668396
404.2859947681427
404.98926734924316
405.51868772506714
406.11471581459045
406.71494603157043
407.4214267730713
407.99634408950806
408.6397581100464
409.2136731147766
409.8909595012665
410.50892901420593
411.2117507457733
412.00834822654724
412.54065203666687
413.135294675827
413.8486304283142
414.59227991104126
415.17867517471313
415.84776878356934
416.4493658542633
416.93846011161804
417.6486427783966
418.25668001174927
418.9092128276825
419.4528110027313
419.9827597141266
420.5812084674835
421.22201681137085
421.83449840545654
422.4044830799103
423.1288466453552
423.7492501735687
424.3646140098572
424.98364329338074
425.56631445884705
426.18414545059204
426.7967863082886
427.46964621543884
428.0863697528839
428.73779702186584
429.4932062625885
430.19756627082825
430.73561358451843
431.3479607105255
431.95121479034424
432.54372811317444
433.11934089660645
433.7440676689148
434.36717891693115
434.9885971546173
435.622501373291
436.3204662799835
436.98566722869873
437.6070637702942
438.23221802711487
438.90897393226624
439.56017088890076
440.1729197502136
440.8517680168152
441.4584496021271
442.1997904777527
442.8829925060272
443.4039132595062
444.02143144607544
444.61094975471497
445.18565559387207
445.7108590602875
446.33639550209045
447.064954996109
447.7333242893219
448.3235275745392
448.87887740135193
449.47216057777405
450.0408351421356
450.6357569694519
451.1525318622589
451.6474370956421
452.26063084602356
452.83724999427795
453.40949535369873
453.94200563430786
454.50116539001465
455.11769819259644
455.70492362976074
456.317102432251
456.8255777359009
457.3788044452667
457.93566489219666
458.54299330711365
459.1228506565094
459.73681569099426
460.348295211792
460.8423593044281
461.53770446777344
462.2677183151245
462.7818007469177
463.4902069568634
464.0880060195923
464.70041251182556
465.3323392868042
465.95229172706604
466.577348947525
467.1596176624298
467.7361557483673
468.2760999202728
468.83325695991516
469.3975429534912
470.0135962963104
470.58502984046936
471.17789363861084
471.706237077713
472.2680411338806
472.8610098361969
473.5260400772095
474.12533712387085
474.7185437679291
475.36044549942017
475.9294846057892
476.56106519699097
477.1898663043976
477.9093277454376
478.52872800827026
479.20550203323364
479.83764362335205
480.4279170036316
481.0762987136841
481.74533772468567
482.28512263298035
482.82495975494385
483.4037790298462
483.9030828475952
484.50704312324524
485.05317974090576
485.6648030281067
486.23968386650085
486.8083028793335
487.324777841568
487.968631029129
488.4809935092926
488.9962887763977
489.59268522262573
490.1622714996338
490.81580662727356
491.4018325805664
491.98313546180725
492.5131072998047
493.07513308525085
493.68575859069824
494.3322899341583
494.95853781700134
495.6025688648224
496.1817305088043
496.84158205986023
497.4511947631836
498.15399169921875
498.8069522380829
499.40899538993835
499.94925594329834
500.5265803337097
501.0392515659332
501.63343334198
502.23847794532776
502.7695803642273
503.39923429489136
503.95326137542725
504.5676414966583
505.11649107933044
505.72930574417114
506.38839745521545
506.93056535720825
507.8136761188507
508.4532766342163
509.0364625453949
509.5876874923706
510.21168422698975
510.7624137401581
511.3048074245453
511.8906948566437
512.3694696426392
512.9124355316162
513.5681142807007
514.2155992984772
514.8432581424713
515.5196239948273
516.1963832378387
516.8806331157684
517.5452055931091
518.2983546257019
519.0020825862885
519.6644072532654
520.3669323921204
520.9770288467407
521.5926506519318
522.1889824867249
522.84379529953
523.4637956619263
524.1349496841431
524.7111303806305
525.4215140342712
526.1239860057831
526.7690041065216
527.3586430549622
528.0400853157043
528.6801781654358
529.315577507019
529.9282839298248
530.5963101387024
531.1595902442932
531.7847104072571
532.4462049007416
533.1219182014465
533.7649259567261
534.4110591411591
534.9983203411102
535.5260400772095
536.1200985908508
536.6698784828186
537.2979671955109
537.9155309200287
538.4762532711029
539.0135650634766
539.5888741016388
540.1536026000977
540.8205895423889
541.3617675304413
